% Column 0: Length, m
% Column 1: |B|, Tesla
0.00000000e+000	1.08290495e+000	
9.07271514e-005	7.95691308e-001	
1.81454303e-004	6.80249965e-001	
2.72181454e-004	6.18174274e-001	
3.62908606e-004	5.76028567e-001	
4.53635757e-004	5.41626487e-001	
5.44362909e-004	5.09907049e-001	
6.35090060e-004	4.86604637e-001	
7.25817211e-004	4.68599306e-001	
8.16544363e-004	4.54151565e-001	
9.07271514e-004	4.42209900e-001	
9.97998666e-004	4.31628482e-001	
1.08872582e-003	4.22509522e-001	
1.17945297e-003	4.15464634e-001	
1.27018012e-003	4.10169387e-001	
1.36090727e-003	4.06128170e-001	
1.45163442e-003	4.03378676e-001	
1.54236157e-003	4.02297512e-001	
1.63308873e-003	4.02949171e-001	
1.72381588e-003	4.04835390e-001	
1.81454303e-003	4.07939047e-001	
1.90527018e-003	4.12754898e-001	
1.99599733e-003	4.19884750e-001	
2.08672448e-003	4.28600967e-001	
2.17745163e-003	4.38809027e-001	
2.26817879e-003	4.52933102e-001	
2.35890594e-003	4.74441742e-001	
2.44963309e-003	4.98462776e-001	
2.54036024e-003	5.24651231e-001	
2.63108739e-003	5.57834892e-001	
2.72181454e-003	6.07998843e-001	
2.81254169e-003	6.68648915e-001	
2.90326885e-003	8.03552408e-001	
2.99399600e-003	1.11358097e+000	
3.08472315e-003	7.16027785e-001	
3.17545030e-003	5.66834494e-001	
3.26617745e-003	4.92582699e-001	
3.35690460e-003	4.44286417e-001	
3.44763175e-003	3.95995757e-001	
3.53835891e-003	3.58444210e-001	
3.62908606e-003	3.36219059e-001	
3.71981321e-003	3.12816136e-001	
3.81054036e-003	2.89479478e-001	
3.90126751e-003	2.73284222e-001	
3.99199466e-003	2.62910080e-001	
4.08272181e-003	2.52621592e-001	
4.17344897e-003	2.41774877e-001	
4.26417612e-003	2.27465406e-001	
4.35490327e-003	2.13165516e-001	
4.44563042e-003	2.03336348e-001	
4.53635757e-003	1.96412560e-001	
4.62708472e-003	1.89536213e-001	
4.71781187e-003	1.82712662e-001	
4.80853903e-003	1.75948051e-001	
4.89926618e-003	1.69249446e-001	
4.98999333e-003	1.62625005e-001	
5.08072048e-003	1.56489518e-001	
5.17144763e-003	1.51025415e-001	
5.26217478e-003	1.45568337e-001	
5.35290193e-003	1.40119103e-001	
5.44362909e-003	1.34678667e-001	
5.53435624e-003	1.29248138e-001	
5.62508339e-003	1.25593771e-001	
5.71581054e-003	1.22619230e-001	
5.80653769e-003	1.19647476e-001	
5.89726484e-003	1.16678724e-001	
5.98799199e-003	1.13713208e-001	
6.07871915e-003	1.10751189e-001	
6.16944630e-003	1.07792955e-001	
6.26017345e-003	1.04838826e-001	
6.35090060e-003	1.01889158e-001	
6.44162775e-003	9.88743653e-002	
6.53235490e-003	9.59107268e-002	
6.62308205e-003	9.34983566e-002	
6.71380921e-003	9.10257356e-002	
6.80453636e-003	8.85534264e-002	
6.89526351e-003	8.60814558e-002	
6.98599066e-003	8.36098538e-002	
7.07671781e-003	8.11386542e-002	
7.16744496e-003	7.86678947e-002	
7.25817211e-003	7.61976184e-002	
7.34889927e-003	7.37278736e-002	
7.43962642e-003	7.21424969e-002	
7.53035357e-003	7.06800086e-002	
7.62108072e-003	6.91428783e-002	
7.71180787e-003	6.75426355e-002	
7.80253502e-003	6.59428122e-002	
7.89326217e-003	6.43716960e-002	
7.98398933e-003	6.28019148e-002	
8.07471648e-003	6.15419879e-002	
8.16544363e-003	6.03491810e-002	
8.25617078e-003	5.91572771e-002	
8.34689793e-003	5.79663320e-002	
8.43762508e-003	5.65078563e-002	
8.52835223e-003	5.49454048e-002	
8.61907939e-003	5.35038467e-002	
8.70980654e-003	5.21234809e-002	
8.80053369e-003	5.07433427e-002	
8.89126084e-003	4.93634511e-002	
8.98198799e-003	4.82767147e-002	
9.07271514e-003	4.72762882e-002	
9.16344229e-003	4.63276222e-002	
9.25416945e-003	4.53990935e-002	
9.34489660e-003	4.44705686e-002	
9.43562375e-003	4.35420479e-002	
9.52635090e-003	4.26413113e-002	
9.61707805e-003	4.17754665e-002	
9.70780520e-003	4.09098876e-002	
9.79853235e-003	4.00445919e-002	
9.88925951e-003	3.91795980e-002	
9.97998666e-003	3.83149266e-002	
1.00707138e-002	3.74871852e-002	
1.01614410e-002	3.66796074e-002	
1.02521681e-002	3.58720496e-002	
1.03428953e-002	3.51454883e-002	
1.04336224e-002	3.44706801e-002	
1.05243496e-002	3.38907670e-002	
1.06150767e-002	3.33426490e-002	
1.07058039e-002	3.27947192e-002	
1.07965310e-002	3.21215445e-002	
1.08872582e-002	3.14251944e-002	
1.09779853e-002	3.07292292e-002	
1.10687125e-002	3.00336757e-002	
1.11594396e-002	2.93385631e-002	
1.12501668e-002	2.86439235e-002	
1.13408939e-002	2.79497922e-002	
1.14316211e-002	2.74332785e-002	
1.15223482e-002	2.69730865e-002	
1.16130754e-002	2.65150576e-002	
1.17038025e-002	2.60593058e-002	
1.17945297e-002	2.56059528e-002	
1.18852568e-002	2.51551281e-002	
1.19759840e-002	2.47069702e-002	
1.20667111e-002	2.42616270e-002	
1.21574383e-002	2.38192562e-002	
1.22481654e-002	2.33800266e-002	
1.23388926e-002	2.29441186e-002	
1.24296197e-002	2.25784904e-002	
1.25203469e-002	2.22486916e-002	
1.26110740e-002	2.19220269e-002	
1.27018012e-002	2.15986385e-002	
1.27925284e-002	2.12786758e-002	
1.28832555e-002	2.09622957e-002	
1.29739827e-002	2.06496628e-002	
1.30647098e-002	2.03409499e-002	
1.31554370e-002	2.00363383e-002	
1.32461641e-002	1.97360177e-002	
1.33368913e-002	1.94401872e-002	
1.34276184e-002	1.91490547e-002	
1.35183456e-002	1.88628379e-002	
1.36090727e-002	1.85817638e-002	
1.36997999e-002	1.83060693e-002	
1.37905270e-002	1.80360013e-002	
1.38812542e-002	1.77718160e-002	
1.39719813e-002	1.75137799e-002	
1.40627085e-002	1.73651134e-002	
1.41534356e-002	1.72428014e-002	
1.42441628e-002	1.71245450e-002	
1.43348899e-002	1.70104287e-002	
1.44256171e-002	1.69005366e-002	
1.45163442e-002	1.67949514e-002	
1.46070714e-002	1.66937548e-002	
1.46977985e-002	1.65970273e-002	
1.47885257e-002	1.65048472e-002	
1.48792528e-002	1.64694486e-002	
1.49699800e-002	1.64782784e-002	
1.50607071e-002	1.64983821e-002	
1.51514343e-002	1.65297186e-002	
1.52421614e-002	1.65722240e-002	
1.53328886e-002	1.66258129e-002	
1.54236157e-002	1.66903783e-002	
1.55143429e-002	1.67657935e-002	
1.56050700e-002	1.68519129e-002	
1.56957972e-002	1.69485732e-002	
1.57865243e-002	1.70555953e-002	
1.58772515e-002	1.71727854e-002	
1.59679787e-002	1.72999369e-002	
1.60587058e-002	1.74871681e-002	
1.61494330e-002	1.76888899e-002	
1.62401601e-002	1.78935047e-002	
1.63308873e-002	1.81009146e-002	
1.64216144e-002	1.83110245e-002	
1.65123416e-002	1.85237425e-002	
1.66030687e-002	1.87389798e-002	
1.66937959e-002	1.89566506e-002	
1.67845230e-002	1.91766720e-002	
1.68752502e-002	1.93989641e-002	
1.69659773e-002	1.97609685e-002	
1.70567045e-002	2.01996063e-002	
1.71474316e-002	2.06432407e-002	
1.72381588e-002	2.10915563e-002	
1.73288859e-002	2.15442609e-002	
1.74196131e-002	2.20010836e-002	
1.75103402e-002	2.24617731e-002	
1.76010674e-002	2.29260963e-002	
1.76917945e-002	2.33938369e-002	
1.77825217e-002	2.38647938e-002	
1.78732488e-002	2.43387805e-002	
1.79639760e-002	2.48156233e-002	
1.80547031e-002	2.52951607e-002	
1.81454303e-002	2.57772422e-002	
1.82361574e-002	2.62617278e-002	
1.83268846e-002	2.67215272e-002	
1.84176117e-002	2.71609493e-002	
1.85083389e-002	2.76005222e-002	
1.85990660e-002	2.80402389e-002	
1.86897932e-002	2.84800926e-002	
1.87805203e-002	2.91470986e-002	
1.88712475e-002	2.98735014e-002	
1.89619746e-002	3.06008652e-002	
1.90527018e-002	3.13291231e-002	
1.91434290e-002	3.20582142e-002	
1.92341561e-002	3.27880828e-002	
1.93248833e-002	3.35186783e-002	
1.94156104e-002	3.42499539e-002	
1.95063376e-002	3.49818672e-002	
1.95970647e-002	3.57143789e-002	
1.96877919e-002	3.64474529e-002	
1.97785190e-002	3.71810560e-002	
1.98692462e-002	3.79155558e-002	
1.99599733e-002	3.86623725e-002	
2.00507005e-002	3.94093043e-002	
2.01414276e-002	4.01563446e-002	
2.02321548e-002	4.09034875e-002	
2.03228819e-002	4.17569198e-002	
2.04136091e-002	4.26318413e-002	
2.05043362e-002	4.35067630e-002	
2.05950634e-002	4.43816848e-002	
2.06857905e-002	4.52566068e-002	
2.07765177e-002	4.61315290e-002	
2.08672448e-002	4.70064512e-002	
2.09579720e-002	4.78813736e-002	
2.10486991e-002	4.87562961e-002	
2.11394263e-002	4.96312187e-002	
2.12301534e-002	5.05061414e-002	
2.13208806e-002	5.13810642e-002	
2.14116077e-002	5.27714834e-002	
2.15023349e-002	5.41666984e-002	
2.15930620e-002	5.55619253e-002	
2.16837892e-002	5.69571632e-002	
2.17745163e-002	5.83524113e-002	
2.18652435e-002	5.97476689e-002	
2.19559706e-002	6.11429353e-002	
2.20466978e-002	6.25382101e-002	
2.21374249e-002	6.39334925e-002	
2.22281521e-002	6.53659361e-002	
2.23188793e-002	6.71462217e-002	
2.24096064e-002	6.89464314e-002	
2.25003336e-002	7.04296645e-002	
2.25910607e-002	7.19179672e-002	
2.26817879e-002	7.34110310e-002	
2.27725150e-002	7.49085714e-002	
2.28632422e-002	7.64103251e-002	
2.29539693e-002	7.79160485e-002	
2.30446965e-002	7.94255158e-002	
2.31354236e-002	8.09385176e-002	
2.32261508e-002	8.24548593e-002	
2.33168779e-002	8.39743599e-002	
2.34076051e-002	8.54968511e-002	
2.34983322e-002	8.75278862e-002	
2.35890594e-002	9.00778153e-002	
2.36797865e-002	9.23951875e-002	
2.37705137e-002	9.45538439e-002	
2.38612408e-002	9.67149305e-002	
2.39519680e-002	9.88782880e-002	
2.40426951e-002	1.01043771e-001	
2.41334223e-002	1.03211244e-001	
2.42241494e-002	1.05380587e-001	
2.43148766e-002	1.07551684e-001	
2.44056037e-002	1.10363590e-001	
2.44963309e-002	1.13301595e-001	
2.45870580e-002	1.16252489e-001	
2.46777852e-002	1.19215313e-001	
2.47685123e-002	1.22189201e-001	
2.48592395e-002	1.25173363e-001	
2.49499666e-002	1.28167083e-001	
2.50406938e-002	1.30556937e-001	
2.51314209e-002	1.32686022e-001	
2.52221481e-002	1.35776770e-001	
2.53128753e-002	1.40216825e-001	
2.54036024e-002	1.44679409e-001	
2.54943296e-002	1.49222599e-001	
2.55850567e-002	1.53797539e-001	
2.56757839e-002	1.58378167e-001	
2.57665110e-002	1.62964005e-001	
2.58572382e-002	1.67554624e-001	
2.59479653e-002	1.74387586e-001	
2.60386925e-002	1.81887487e-001	
2.61294196e-002	1.86265419e-001	
2.62201468e-002	1.89403880e-001	
2.63108739e-002	1.92612325e-001	
2.64016011e-002	1.95887315e-001	
2.64923282e-002	1.99225568e-001	
2.65830554e-002	2.02623957e-001	
2.66737825e-002	2.07129003e-001	
2.67645097e-002	2.15148034e-001	
2.68552368e-002	2.23356444e-001	
2.69459640e-002	2.31734110e-001	
2.70366911e-002	2.39945455e-001	
2.71274183e-002	2.46137031e-001	
2.72181454e-002	2.52416218e-001	
2.73088726e-002	2.56861660e-001	
2.73995997e-002	2.60666880e-001	
2.74903269e-002	2.65647837e-001	
2.75810540e-002	2.71656966e-001	
2.76717812e-002	2.76141558e-001	
2.77625083e-002	2.81331306e-001	
2.78532355e-002	2.85698075e-001	
2.79439626e-002	2.89240424e-001	
2.80346898e-002	2.92010850e-001	
2.81254169e-002	2.94147352e-001	
2.82161441e-002	2.94171994e-001	
2.83068712e-002	2.94684488e-001	
2.83975984e-002	2.94393395e-001	
2.84883256e-002	2.93803415e-001	
2.85790527e-002	2.93642637e-001	
2.86697799e-002	2.93009455e-001	
2.87605070e-002	2.89336278e-001	
2.88512342e-002	2.86068304e-001	
2.89419613e-002	2.83219561e-001	
2.90326885e-002	2.79534308e-001	
2.91234156e-002	2.75863785e-001	
2.92141428e-002	2.72589294e-001	
2.93048699e-002	2.69718921e-001	
2.93955971e-002	2.67044310e-001	
2.94863242e-002	2.64550357e-001	
2.95770514e-002	2.62242216e-001	
2.96677785e-002	2.60124833e-001	
2.97585057e-002	2.58202901e-001	
2.98492328e-002	2.56480815e-001	
2.99399600e-002	2.54396743e-001	
3.00306871e-002	2.51752306e-001	
3.01214143e-002	2.49295591e-001	
3.02121414e-002	2.47032198e-001	
3.03028686e-002	2.44967486e-001	
3.03935957e-002	2.43106517e-001	
3.04843229e-002	2.41454002e-001	
3.05750500e-002	2.39799334e-001	
3.06657772e-002	2.38103831e-001	
3.07565043e-002	2.36552458e-001	
3.08472315e-002	2.35148067e-001	
3.09379586e-002	2.33893307e-001	
3.10286858e-002	2.32790596e-001	
3.11194129e-002	2.31842105e-001	
3.12101401e-002	2.31159097e-001	
3.13008672e-002	2.30662234e-001	
3.13915944e-002	2.30295505e-001	
3.14823215e-002	2.30059534e-001	
3.15730487e-002	2.29954721e-001	
3.16637759e-002	2.29981248e-001	
3.17545030e-002	2.30139068e-001	
3.18452302e-002	2.30455750e-001	
3.19359573e-002	2.30896161e-001	
3.20266845e-002	2.31453261e-001	
3.21174116e-002	2.32126211e-001	
3.22081388e-002	2.32914006e-001	
3.22988659e-002	2.33815486e-001	
3.23895931e-002	2.34829341e-001	
3.24803202e-002	2.36078415e-001	
3.25710474e-002	2.37459104e-001	
3.26617745e-002	2.38958793e-001	
3.27525017e-002	2.40575254e-001	
3.28432288e-002	2.42306152e-001	
3.29339560e-002	2.44149052e-001	
3.30246831e-002	2.46093021e-001	
3.31154103e-002	2.48118941e-001	
3.32061374e-002	2.50261943e-001	
3.32968646e-002	2.52519046e-001	
3.33875917e-002	2.54887219e-001	
3.34783189e-002	2.57363396e-001	
3.35690460e-002	2.59944490e-001	
3.36597732e-002	2.62726055e-001	
3.37505003e-002	2.66256428e-001	
3.38412275e-002	2.69891116e-001	
3.39319546e-002	2.73625960e-001	
3.40226818e-002	2.77456915e-001	
3.41134089e-002	2.81380058e-001	
3.42041361e-002	2.85391584e-001	
3.42948632e-002	2.89501010e-001	
3.43855904e-002	2.93812686e-001	
3.44763175e-002	2.98253191e-001	
3.45670447e-002	3.02816859e-001	
3.46577718e-002	3.07498205e-001	
3.47484990e-002	3.12291937e-001	
3.48392262e-002	3.17192961e-001	
3.49299533e-002	3.22291373e-001	
3.50206805e-002	3.27726121e-001	
3.51114076e-002	3.33303904e-001	
3.52021348e-002	3.39017662e-001	
3.52928619e-002	3.44860636e-001	
3.53835891e-002	3.50826371e-001	
3.54743162e-002	3.56908710e-001	
3.55650434e-002	3.63442944e-001	
3.56557705e-002	3.70546181e-001	
3.57464977e-002	3.77807908e-001	
3.58372248e-002	3.85219163e-001	
3.59279520e-002	3.92771481e-001	
3.60186791e-002	4.00456881e-001	
3.61094063e-002	4.08267847e-001	
3.62001334e-002	4.17939265e-001	
3.62908606e-002	4.29161226e-001	
3.63815877e-002	4.40726901e-001	
3.64723149e-002	4.52609941e-001	
3.65630420e-002	4.64786005e-001	
3.66537692e-002	4.77232665e-001	
3.67444963e-002	4.89929298e-001	
3.68352235e-002	4.97417894e-001	
3.69259506e-002	5.03473546e-001	
3.70166778e-002	5.10124784e-001	
3.71074049e-002	5.17348638e-001	
3.71981321e-002	5.25121477e-001	
3.72888592e-002	5.33419301e-001	
3.73795864e-002	5.42218010e-001	
3.74703135e-002	5.48781020e-001	
3.75610407e-002	5.55908196e-001	
3.76517678e-002	5.64057661e-001	
3.77424950e-002	5.69866780e-001	
3.78332221e-002	5.71532527e-001	
3.79239493e-002	5.74205413e-001	
3.80146765e-002	5.77871465e-001	
3.81054036e-002	5.70512259e-001	
3.81961308e-002	5.63441332e-001	
3.82868579e-002	5.57345533e-001	
3.83775851e-002	5.52512982e-001	
3.84683122e-002	5.48574869e-001	
3.85590394e-002	5.45160760e-001	
3.86497665e-002	5.41918763e-001	
3.87404937e-002	5.33967668e-001	
3.88312208e-002	5.26557088e-001	
3.89219480e-002	5.19710145e-001	
3.90126751e-002	5.13449389e-001	
3.91034023e-002	5.07796502e-001	
3.91941294e-002	5.02771987e-001	
3.92848566e-002	4.97007042e-001	
3.93755837e-002	4.85055244e-001	
3.94663109e-002	4.73411826e-001	
3.95570380e-002	4.62100100e-001	
3.96477652e-002	4.51145016e-001	
3.97384923e-002	4.40573179e-001	
3.98292195e-002	4.30412829e-001	
3.99199466e-002	4.21484235e-001	
4.00106738e-002	4.14460976e-001	
4.01014009e-002	4.07617761e-001	
4.01921281e-002	4.00963807e-001	
4.02828552e-002	3.94508692e-001	
4.03735824e-002	3.88262332e-001	
4.04643095e-002	3.82234963e-001	
4.05550367e-002	3.76178807e-001	
4.06457638e-002	3.69869703e-001	
4.07364910e-002	3.63711532e-001	
4.08272181e-002	3.57712091e-001	
4.09179453e-002	3.51879497e-001	
4.10086724e-002	3.46222184e-001	
4.10993996e-002	3.40748882e-001	
4.11901268e-002	3.35468598e-001	
4.12808539e-002	3.30390585e-001	
4.13715811e-002	3.25524311e-001	
4.14623082e-002	3.20879409e-001	
4.15530354e-002	3.16465627e-001	
4.16437625e-002	3.12292763e-001	
4.17344897e-002	3.08370600e-001	
4.18252168e-002	3.05645539e-001	
4.19159440e-002	3.03583955e-001	
4.20066711e-002	3.01689475e-001	
4.20973983e-002	2.99965266e-001	
4.21881254e-002	2.98414279e-001	
4.22788526e-002	2.97039228e-001	
4.23695797e-002	2.95842566e-001	
4.24603069e-002	2.94826465e-001	
4.25510340e-002	2.93992798e-001	
4.26417612e-002	2.93343119e-001	
4.27324883e-002	2.92878654e-001	
4.28232155e-002	2.92600283e-001	
4.29139426e-002	2.92508539e-001	
4.30046698e-002	2.92603597e-001	
4.30953969e-002	2.92208620e-001	
4.31861241e-002	2.91910933e-001	
4.32768512e-002	2.91806870e-001	
4.33675784e-002	2.91896639e-001	
4.34583055e-002	2.92180062e-001	
4.35490327e-002	2.92656576e-001	
4.36397598e-002	2.93325239e-001	
4.37304870e-002	2.94184742e-001	
4.38212141e-002	2.95233418e-001	
4.39119413e-002	2.96469260e-001	
4.40026684e-002	2.97889937e-001	
4.40933956e-002	2.99492820e-001	
4.41841227e-002	3.01275001e-001	
4.42748499e-002	3.03311221e-001	
4.43655771e-002	3.06292123e-001	
4.44563042e-002	3.09506815e-001	
4.45470314e-002	3.12948091e-001	
4.46377585e-002	3.16608564e-001	
4.47284857e-002	3.20480723e-001	
4.48192128e-002	3.24556992e-001	
4.49099400e-002	3.28829779e-001	
4.50006671e-002	3.33291528e-001	
4.50913943e-002	3.37934752e-001	
4.51821214e-002	3.42752078e-001	
4.52728486e-002	3.47736270e-001	
4.53635757e-002	3.52880256e-001	
4.54543029e-002	3.58177153e-001	
4.55450300e-002	3.63779672e-001	
4.56357572e-002	3.70057309e-001	
4.57264843e-002	3.76599808e-001	
4.58172115e-002	3.83393611e-001	
4.59079386e-002	3.90425600e-001	
4.59986658e-002	3.97683139e-001	
4.60893929e-002	4.05154107e-001	
4.61801201e-002	4.13547510e-001	
4.62708472e-002	4.23373947e-001	
4.63615744e-002	4.33645558e-001	
4.64523015e-002	4.44331473e-001	
4.65430287e-002	4.55402528e-001	
4.66337558e-002	4.66831322e-001	
4.67244830e-002	4.78592228e-001	
4.68152101e-002	4.85793559e-001	
4.69059373e-002	4.90026743e-001	
4.69966644e-002	4.94930374e-001	
4.70873916e-002	5.00484745e-001	
4.71781187e-002	5.06668457e-001	
4.72688459e-002	5.13458772e-001	
4.73595730e-002	5.20831964e-001	
4.74503002e-002	5.27789266e-001	
4.75410274e-002	5.35425963e-001	
4.76317545e-002	5.44234638e-001	
4.77224817e-002	5.51781322e-001	
4.78132088e-002	5.53278606e-001	
4.79039360e-002	5.55794442e-001	
4.79946631e-002	5.59315086e-001	
4.80853903e-002	5.53316918e-001	
4.81761174e-002	5.45599389e-001	
4.82668446e-002	5.38903380e-001	
4.83575717e-002	5.33547090e-001	
4.84482989e-002	5.29436970e-001	
4.85390260e-002	5.25882331e-001	
4.86297532e-002	5.22894502e-001	
4.87204803e-002	5.15321674e-001	
4.88112075e-002	5.07815972e-001	
4.89019346e-002	5.00870229e-001	
4.89926618e-002	4.94508040e-001	
4.90833889e-002	4.88752194e-001	
4.91741161e-002	4.83624340e-001	
4.92648432e-002	4.78917228e-001	
4.93555704e-002	4.65242278e-001	
4.94462975e-002	4.51859440e-001	
4.95370247e-002	4.38795440e-001	
4.96277518e-002	4.26079609e-001	
4.97184790e-002	4.13744047e-001	
4.98092061e-002	4.01823779e-001	
4.98999333e-002	3.91261501e-001	
4.99906604e-002	3.85821972e-001	
5.00813876e-002	3.80559612e-001	
5.01721147e-002	3.75481872e-001	
5.02628419e-002	3.70596339e-001	
5.03535690e-002	3.65910714e-001	
5.04442962e-002	3.61432770e-001	
5.05350233e-002	3.56342159e-001	
5.06257505e-002	3.49070361e-001	
5.07164777e-002	3.42094580e-001	
5.08072048e-002	3.35433281e-001	
5.08979320e-002	3.30327824e-001	
5.09886591e-002	3.25671517e-001	
5.10793863e-002	3.21218873e-001	
5.11701134e-002	3.16885571e-001	
5.12608406e-002	3.12546614e-001	
5.13515677e-002	3.08344210e-001	
5.14422949e-002	3.04284018e-001	
5.15330220e-002	3.00371805e-001	
5.16237492e-002	2.96613425e-001	
5.17144763e-002	2.93014799e-001	
5.18052035e-002	2.90409886e-001	
5.18959306e-002	2.88810133e-001	
5.19866578e-002	2.87405043e-001	
5.20773849e-002	2.86197484e-001	
5.21681121e-002	2.85189964e-001	
5.22588392e-002	2.84384609e-001	
5.23495664e-002	2.83783142e-001	
5.24402935e-002	2.82901434e-001	
5.25310207e-002	2.81894043e-001	
5.26217478e-002	2.81039287e-001	
5.27124750e-002	2.80338563e-001	
5.28032021e-002	2.79793029e-001	
5.28939293e-002	2.79403593e-001	
5.29846564e-002	2.79170908e-001	
5.30753836e-002	2.79615380e-001	
5.31661107e-002	2.80463825e-001	
5.32568379e-002	2.81541565e-001	
5.33475650e-002	2.82518993e-001	
5.34382922e-002	2.82905567e-001	
5.35290193e-002	2.83546794e-001	
5.36197465e-002	2.84440952e-001	
5.37104736e-002	2.86160578e-001	
5.38012008e-002	2.88196889e-001	
5.38919280e-002	2.90378278e-001	
5.39826551e-002	2.92701501e-001	
5.40733823e-002	2.95163210e-001	
5.41641094e-002	2.97759971e-001	
5.42548366e-002	3.00488280e-001	
5.43455637e-002	3.03086317e-001	
5.44362909e-002	3.05868900e-001	
5.45270180e-002	3.08868183e-001	
5.46177452e-002	3.12077920e-001	
5.47084723e-002	3.15491686e-001	
5.47991995e-002	3.19102934e-001	
5.48899266e-002	3.22962860e-001	
5.49806538e-002	3.27747335e-001	
5.50713809e-002	3.32698640e-001	
5.51621081e-002	3.37809438e-001	
5.52528352e-002	3.43238289e-001	
5.53435624e-002	3.49086678e-001	
5.54342895e-002	3.55232054e-001	
5.55250167e-002	3.61557210e-001	
5.56157438e-002	3.67715248e-001	
5.57064710e-002	3.74080938e-001	
5.57971981e-002	3.80643864e-001	
5.58879253e-002	3.87394000e-001	
5.59786524e-002	3.94321733e-001	
5.60693796e-002	4.01417869e-001	
5.61601067e-002	4.09337856e-001	
5.62508339e-002	4.19333409e-001	
5.63415610e-002	4.29734481e-001	
5.64322882e-002	4.40512348e-001	
5.65230153e-002	4.51640037e-001	
5.66137425e-002	4.63092329e-001	
5.67044696e-002	4.74845740e-001	
5.67951968e-002	4.83578330e-001	
5.68859239e-002	4.88407181e-001	
5.69766511e-002	4.93906315e-001	
5.70673783e-002	5.00053618e-001	
5.71581054e-002	5.06825507e-001	
5.72488326e-002	5.14197304e-001	
5.73395597e-002	5.22143601e-001	
5.74302869e-002	5.26520761e-001	
5.75210140e-002	5.28181189e-001	
5.76117412e-002	5.30697886e-001	
5.77024683e-002	5.34563068e-001	
5.77931955e-002	5.45016341e-001	
5.78839226e-002	5.56582527e-001	
5.79746498e-002	5.69193784e-001	
5.80653769e-002	5.65721193e-001	
5.81561041e-002	5.54257742e-001	
5.82468312e-002	5.44122754e-001	
5.83375584e-002	5.36192818e-001	
5.84282855e-002	5.31991957e-001	
5.85190127e-002	5.28352064e-001	
5.86097398e-002	5.25284800e-001	
5.87004670e-002	5.18181949e-001	
5.87911941e-002	5.10353263e-001	
5.88819213e-002	5.03230929e-001	
5.89726484e-002	4.94631577e-001	
5.90633756e-002	4.81782672e-001	
5.91541027e-002	4.69503009e-001	
5.92448299e-002	4.57838396e-001	
5.93355570e-002	4.49585700e-001	
5.94262842e-002	4.41936053e-001	
5.95170113e-002	4.34557825e-001	
5.96077385e-002	4.27465070e-001	
5.96984656e-002	4.20672228e-001	
5.97891928e-002	4.14194055e-001	
5.98799199e-002	4.08045539e-001	
5.99706471e-002	4.00556987e-001	
6.00613742e-002	3.93249401e-001	
6.01521014e-002	3.86137668e-001	
6.02428286e-002	3.79232806e-001	
6.03335557e-002	3.72546319e-001	
6.04242829e-002	3.66090171e-001	
6.05150100e-002	3.59745758e-001	
6.06057372e-002	3.52314540e-001	
6.06964643e-002	3.45197927e-001	
6.07871915e-002	3.38415764e-001	
6.08779186e-002	3.33478959e-001	
6.09686458e-002	3.29460371e-001	
6.10593729e-002	3.25633667e-001	
6.11501001e-002	3.21774416e-001	
6.12408272e-002	3.17293395e-001	
6.13315544e-002	3.12951474e-001	
6.14222815e-002	3.08754521e-001	
6.15130087e-002	3.04708526e-001	
6.16037358e-002	3.00819580e-001	
6.16944630e-002	2.97093851e-001	
6.17851901e-002	2.94128035e-001	
6.18759173e-002	2.92387806e-001	
6.19666444e-002	2.90823272e-001	
6.20573716e-002	2.89437281e-001	
6.21480987e-002	2.88232409e-001	
6.22388259e-002	2.87210935e-001	
6.23295530e-002	2.86374822e-001	
6.24202802e-002	2.85040328e-001	
6.25110073e-002	2.83085168e-001	
6.26017345e-002	2.81324017e-001	
6.26924616e-002	2.79760538e-001	
6.27831888e-002	2.78398063e-001	
6.28739159e-002	2.77239555e-001	
6.29646431e-002	2.76287580e-001	
6.30553702e-002	2.76502354e-001	
6.31460974e-002	2.77645280e-001	
6.32368245e-002	2.79001171e-001	
6.33275517e-002	2.80566940e-001	
6.34182789e-002	2.82339095e-001	
6.35090060e-002	2.84313777e-001	
6.35997332e-002	2.86486798e-001	
6.36904603e-002	2.87772050e-001	
6.37811875e-002	2.88767782e-001	
6.38719146e-002	2.89918725e-001	
6.39626418e-002	2.91223037e-001	
6.40533689e-002	2.92678669e-001	
6.41440961e-002	2.94283375e-001	
6.42348232e-002	2.96034730e-001	
6.43255504e-002	2.98908796e-001	
6.44162775e-002	3.02205386e-001	
6.45070047e-002	3.05689412e-001	
6.45977318e-002	3.09354540e-001	
6.46884590e-002	3.13194413e-001	
6.47791861e-002	3.17202684e-001	
6.48699133e-002	3.21373052e-001	
6.49606404e-002	3.26126382e-001	
6.50513676e-002	3.31133564e-001	
6.51420947e-002	3.36348230e-001	
6.52328219e-002	3.41621049e-001	
6.53235490e-002	3.47076972e-001	
6.54142762e-002	3.52863540e-001	
6.55050033e-002	3.58929432e-001	
6.55957305e-002	3.65645276e-001	
6.56864576e-002	3.72568599e-001	
6.57771848e-002	3.79688051e-001	
6.58679119e-002	3.86992808e-001	
6.59586391e-002	3.94472576e-001	
6.60493662e-002	4.02117589e-001	
6.61400934e-002	4.10085421e-001	
6.62308205e-002	4.19470320e-001	
6.63215477e-002	4.29231024e-001	
6.64122748e-002	4.39342488e-001	
6.65030020e-002	4.49781055e-001	
6.65937292e-002	4.60524484e-001	
6.66844563e-002	4.71551937e-001	
6.67751835e-002	4.80969904e-001	
6.68659106e-002	4.86001784e-001	
6.69566378e-002	4.91708045e-001	
6.70473649e-002	4.98065509e-001	
6.71380921e-002	5.05049586e-001	
6.72288192e-002	5.12634664e-001	
6.73195464e-002	5.20794484e-001	
6.74102735e-002	5.26346492e-001	
6.75010007e-002	5.27720080e-001	
6.75917278e-002	5.29993660e-001	
6.76824550e-002	5.33155719e-001	
6.77731821e-002	5.39584020e-001	
6.78639093e-002	5.46814740e-001	
6.79546364e-002	5.54618608e-001	
6.80453636e-002	5.56576174e-001	
6.81360907e-002	5.53144236e-001	
6.82268179e-002	5.50937031e-001	
6.83175450e-002	5.49512101e-001	
6.84082722e-002	5.41872168e-001	
6.84989993e-002	5.35265281e-001	
6.85897265e-002	5.29730095e-001	
6.86804536e-002	5.22265456e-001	
6.87711808e-002	5.13657885e-001	
6.88619079e-002	5.05777181e-001	
6.89526351e-002	4.97701054e-001	
6.90433622e-002	4.85445668e-001	
6.91340894e-002	4.73959021e-001	
6.92248165e-002	4.63298295e-001	
6.93155437e-002	4.54388101e-001	
6.94062708e-002	4.46029632e-001	
6.94969980e-002	4.37916862e-001	
6.95877252e-002	4.30063695e-001	
6.96784523e-002	4.22484610e-001	
6.97691795e-002	4.15194616e-001	
6.98599066e-002	4.08209201e-001	
6.99506338e-002	4.00226239e-001	
7.00413609e-002	3.92163572e-001	
7.01320881e-002	3.84291010e-001	
7.02228152e-002	3.76620473e-001	
7.03135424e-002	3.69164556e-001	
7.04042695e-002	3.61936522e-001	
7.04949967e-002	3.54950293e-001	
7.05857238e-002	3.49269771e-001	
7.06764510e-002	3.43774791e-001	
7.07671781e-002	3.38456857e-001	
7.08579053e-002	3.33324443e-001	
7.09486324e-002	3.28386248e-001	
7.10393596e-002	3.23651162e-001	
7.11300867e-002	3.19198326e-001	
7.12208139e-002	3.15716382e-001	
7.13115410e-002	3.12433513e-001	
7.14022682e-002	3.09356057e-001	
7.14929953e-002	3.06490200e-001	
7.15837225e-002	3.03841932e-001	
7.16744496e-002	3.01416986e-001	
7.17651768e-002	2.98997243e-001	
7.18559039e-002	2.95732712e-001	
7.19466311e-002	2.92623736e-001	
7.20373582e-002	2.89675323e-001	
7.21280854e-002	2.86892423e-001	
7.22188125e-002	2.84279898e-001	
7.23095397e-002	2.81842486e-001	
7.24002668e-002	2.80124413e-001	
7.24909940e-002	2.79760715e-001	
7.25817211e-002	2.79596457e-001	
7.26724483e-002	2.79631990e-001	
7.27631755e-002	2.79867238e-001	
7.28539026e-002	2.80301698e-001	
7.29446298e-002	2.80934445e-001	
7.30353569e-002	2.81401757e-001	
7.31260841e-002	2.81586432e-001	
7.32168112e-002	2.81964908e-001	
7.33075384e-002	2.82536406e-001	
7.33982655e-002	2.83299758e-001	
7.34889927e-002	2.84253419e-001	
7.35797198e-002	2.85395480e-001	
7.36704470e-002	2.86711808e-001	
7.37611741e-002	2.88183420e-001	
7.38519013e-002	2.89792565e-001	
7.39426284e-002	2.91536965e-001	
7.40333556e-002	2.93414208e-001	
7.41240827e-002	2.95421762e-001	
7.42148099e-002	2.97556988e-001	
7.43055370e-002	3.00714345e-001	
7.43962642e-002	3.04613727e-001	
7.44869913e-002	3.08797970e-001	
7.45777185e-002	3.12964908e-001	
7.46684456e-002	3.16366010e-001	
7.47591728e-002	3.19954273e-001	
7.48498999e-002	3.23723473e-001	
7.49406271e-002	3.26785669e-001	
7.50313542e-002	3.29743555e-001	
7.51220814e-002	3.32851288e-001	
7.52128085e-002	3.37283527e-001	
7.53035357e-002	3.44460453e-001	
7.53942628e-002	3.52027727e-001	
7.54849900e-002	3.59960734e-001	
7.55757171e-002	3.65919326e-001	
7.56664443e-002	3.71879088e-001	
7.57571714e-002	3.78058833e-001	
7.58478986e-002	3.84447955e-001	
7.59386258e-002	3.91036189e-001	
7.60293529e-002	3.97813644e-001	
7.61200801e-002	4.04791761e-001	
7.62108072e-002	4.12748562e-001	
7.63015344e-002	4.21116478e-001	
7.63922615e-002	4.29840555e-001	
7.64829887e-002	4.38899555e-001	
7.65737158e-002	4.48273174e-001	
7.66644430e-002	4.57942093e-001	
7.67551701e-002	4.67291920e-001	
7.68458973e-002	4.72978489e-001	
7.69366244e-002	4.79212913e-001	
7.70273516e-002	4.85974109e-001	
7.71180787e-002	4.93240414e-001	
7.72088059e-002	5.00989851e-001	
7.72995330e-002	5.09200362e-001	
7.73902602e-002	5.17968402e-001	
7.74809873e-002	5.28103595e-001	
7.75717145e-002	5.39200011e-001	
7.76624416e-002	5.51199601e-001	
7.77531688e-002	5.55617818e-001	
7.78438959e-002	5.59115504e-001	
7.79346231e-002	5.63854636e-001	
7.80253502e-002	5.64757382e-001	
7.81160774e-002	5.57146075e-001	
7.82068045e-002	5.50432484e-001	
7.82975317e-002	5.44649807e-001	
7.83882588e-002	5.39827962e-001	
7.84789860e-002	5.35992880e-001	
7.85697131e-002	5.33165856e-001	
7.86604403e-002	5.27882187e-001	
7.87511674e-002	5.19105340e-001	
7.88418946e-002	5.10839033e-001	
7.89326217e-002	5.03108429e-001	
7.90233489e-002	4.95938582e-001	
7.91140761e-002	4.89354139e-001	
7.92048032e-002	4.83379024e-001	
7.92955304e-002	4.73520322e-001	
7.93862575e-002	4.60670346e-001	
7.94769847e-002	4.48097862e-001	
7.95677118e-002	4.35826886e-001	
7.96584390e-002	4.23883603e-001	
7.97491661e-002	4.12296493e-001	
7.98398933e-002	4.01096423e-001	
7.99306204e-002	3.93510480e-001	
8.00213476e-002	3.87446648e-001	
8.01120747e-002	3.81574104e-001	
8.02028019e-002	3.75901813e-001	
8.02935290e-002	3.70438975e-001	
8.03842562e-002	3.65194989e-001	
8.04749833e-002	3.60179414e-001	
8.05657105e-002	3.53596030e-001	
8.06564376e-002	3.46815700e-001	
8.07471648e-002	3.40317659e-001	
8.08378919e-002	3.34521994e-001	
8.09286191e-002	3.29587278e-001	
8.10193462e-002	3.24856319e-001	
8.11100734e-002	3.20338144e-001	
8.12008005e-002	3.15974568e-001	
8.12915277e-002	3.11746137e-001	
8.13822548e-002	3.07660457e-001	
8.14729820e-002	3.03723289e-001	
8.15637091e-002	2.99940481e-001	
8.16544363e-002	2.96317944e-001	
8.17451634e-002	2.92920861e-001	
8.18358906e-002	2.90564823e-001	
8.19266177e-002	2.88386984e-001	
8.20173449e-002	2.86391408e-001	
8.21080720e-002	2.84581930e-001	
8.21987992e-002	2.82962120e-001	
8.22895264e-002	2.81535253e-001	
8.23802535e-002	2.80246521e-001	
8.24709807e-002	2.78798795e-001	
8.25617078e-002	2.77549526e-001	
8.26524350e-002	2.76501403e-001	
8.27431621e-002	2.75656721e-001	
8.28338893e-002	2.75017354e-001	
8.29246164e-002	2.74584737e-001	
8.30153436e-002	2.74594694e-001	
8.31060707e-002	2.75438082e-001	
8.31967979e-002	2.76430139e-001	
8.32875250e-002	2.77569271e-001	
8.33782522e-002	2.78853675e-001	
8.34689793e-002	2.80281354e-001	
8.35597065e-002	2.81850131e-001	
8.36504336e-002	2.83579690e-001	
8.37411608e-002	2.85539650e-001	
8.38318879e-002	2.87701567e-001	
8.39226151e-002	2.90060926e-001	
8.40133422e-002	2.92274602e-001	
8.41040694e-002	2.94769770e-001	
8.41947965e-002	2.97547564e-001	
8.42855237e-002	3.00137527e-001	
8.43762508e-002	3.02471620e-001	
8.44669780e-002	3.04976109e-001	
8.45577051e-002	3.07646832e-001	
8.46484323e-002	3.10479500e-001	
8.47391594e-002	3.13469722e-001	
8.48298866e-002	3.16613035e-001	
8.49206137e-002	3.20782234e-001	
8.50113409e-002	3.25732828e-001	
8.51020680e-002	3.30899293e-001	
8.51927952e-002	3.36271679e-001	
8.52835223e-002	3.41840276e-001	
8.53742495e-002	3.47595655e-001	
8.54649767e-002	3.53528694e-001	
8.55557038e-002	3.59187828e-001	
8.56464310e-002	3.64957743e-001	
8.57371581e-002	3.70978621e-001	
8.58278853e-002	3.77238448e-001	
8.59186124e-002	3.83725529e-001	
8.60093396e-002	3.90428537e-001	
8.61000667e-002	3.97336544e-001	
8.61907939e-002	4.07290138e-001	
8.62815210e-002	4.18229904e-001	
8.63722482e-002	4.29536139e-001	
8.64629753e-002	4.41180672e-001	
8.65537025e-002	4.53137420e-001	
8.66444296e-002	4.65382322e-001	
8.67351568e-002	4.77893227e-001	
8.68258839e-002	4.82724637e-001	
8.69166111e-002	4.87974711e-001	
8.70073382e-002	4.93855679e-001	
8.70980654e-002	5.00345294e-001	
8.71887925e-002	5.07420204e-001	
8.72795197e-002	5.15056290e-001	
8.73702468e-002	5.22592971e-001	
8.74609740e-002	5.23743188e-001	
8.75517011e-002	5.25732471e-001	
8.76424283e-002	5.28551344e-001	
8.77331554e-002	5.34390320e-001	
8.78238826e-002	5.42261605e-001	
8.79146097e-002	5.50793616e-001	
8.80053369e-002	5.57251099e-001	
8.80960640e-002	5.53793827e-001	
8.81867912e-002	5.51503291e-001	
8.82775183e-002	5.50394058e-001	
8.83682455e-002	5.43258089e-001	
8.84589726e-002	5.34844869e-001	
8.85496998e-002	5.27565810e-001	
8.86404270e-002	5.20509973e-001	
8.87311541e-002	5.12207279e-001	
8.88218813e-002	5.04615195e-001	
8.89126084e-002	4.97766238e-001	
8.90033356e-002	4.86482197e-001	
8.90940627e-002	4.75046030e-001	
8.91847899e-002	4.64282388e-001	
8.92755170e-002	4.55200120e-001	
8.93662442e-002	4.47670651e-001	
8.94569713e-002	4.40404786e-001	
8.95476985e-002	4.33415785e-001	
8.96384256e-002	4.26717250e-001	
8.97291528e-002	4.20323069e-001	
8.98198799e-002	4.14247336e-001	
8.99106071e-002	4.07017281e-001	
9.00013342e-002	3.98697722e-001	
9.00920614e-002	3.90604139e-001	
9.01827885e-002	3.82750867e-001	
9.02735157e-002	3.75152999e-001	
9.03642428e-002	3.67826361e-001	
9.04549700e-002	3.60787478e-001	
9.05456971e-002	3.54973673e-001	
9.06364243e-002	3.49782684e-001	
9.07271514e-002	3.44779535e-001	
9.08178786e-002	3.39972518e-001	
9.09086057e-002	3.35370068e-001	
9.09993329e-002	3.30980719e-001	
9.10900600e-002	3.26813056e-001	
9.11807872e-002	3.22849241e-001	
9.12715143e-002	3.19033210e-001	
9.13622415e-002	3.15404027e-001	
9.14529686e-002	3.11968210e-001	
9.15436958e-002	3.08732217e-001	
9.16344229e-002	3.05702392e-001	
9.17251501e-002	3.02884924e-001	
9.18158773e-002	2.99787400e-001	
9.19066044e-002	2.96798622e-001	
9.19973316e-002	2.94000495e-001	
9.20880587e-002	2.91398511e-001	
9.21787859e-002	2.88997967e-001	
9.22695130e-002	2.86803921e-001	
9.23602402e-002	2.84835401e-001	
9.24509673e-002	2.84234446e-001	
9.25416945e-002	2.83777866e-001	
9.26324216e-002	2.83466357e-001	
9.27231488e-002	2.83300398e-001	
9.28138759e-002	2.83280245e-001	
9.29046031e-002	2.83405930e-001	
9.29953302e-002	2.83688215e-001	
9.30860574e-002	2.84265975e-001	
9.31767845e-002	2.85057819e-001	
9.32675117e-002	2.86061971e-001	
9.33582388e-002	2.87276204e-001	
9.34489660e-002	2.88697867e-001	
9.35396931e-002	2.90323913e-001	
9.36304203e-002	2.92046479e-001	
9.37211474e-002	2.93674807e-001	
9.38118746e-002	2.95527609e-001	
9.39026017e-002	2.97600693e-001	
9.39933289e-002	2.99889490e-001	
9.40840560e-002	3.02389102e-001	
9.41747832e-002	3.05094348e-001	
9.42655103e-002	3.07950914e-001	
9.43562375e-002	3.10901080e-001	
9.44469646e-002	3.13998244e-001	
9.45376918e-002	3.17238101e-001	
9.46284189e-002	3.20616325e-001	
9.47191461e-002	3.24128590e-001	
9.48098732e-002	3.27770586e-001	
9.49006004e-002	3.32199796e-001	
9.49913276e-002	3.37599740e-001	
9.50820547e-002	3.43218077e-001	
9.51727819e-002	3.49044261e-001	
9.52635090e-002	3.55068061e-001	
9.53542362e-002	3.61279591e-001	
9.54449633e-002	3.67669337e-001	
9.55356905e-002	3.74120942e-001	
9.56264176e-002	3.80807992e-001	
9.57171448e-002	3.87764900e-001	
9.58078719e-002	3.94977406e-001	
9.58985991e-002	4.02431770e-001	
9.59893262e-002	4.10114802e-001	
9.60800534e-002	4.18013894e-001	
9.61707805e-002	4.27669596e-001	
9.62615077e-002	4.38400771e-001	
9.63522348e-002	4.49483219e-001	
9.64429620e-002	4.60891601e-001	
9.65336891e-002	4.72602313e-001	
9.66244163e-002	4.84593438e-001	
9.67151434e-002	4.96844674e-001	
9.68058706e-002	5.02795424e-001	
9.68965977e-002	5.08005010e-001	
9.69873249e-002	5.13819302e-001	
9.70780520e-002	5.20218026e-001	
9.71687792e-002	5.27179902e-001	
9.72595063e-002	5.34682931e-001	
9.73502335e-002	5.42704670e-001	
9.74409606e-002	5.43684277e-001	
9.75316878e-002	5.44935723e-001	
9.76224149e-002	5.46992983e-001	
9.77131421e-002	5.51718809e-001	
9.78038692e-002	5.59016356e-001	
9.78945964e-002	5.66889508e-001	
9.79853235e-002	5.74688871e-001	
9.80760507e-002	5.71114473e-001	
9.81667779e-002	5.68659690e-001	
9.82575050e-002	5.67339056e-001	
9.83482322e-002	5.62098642e-001	
9.84389593e-002	5.54575186e-001	
9.85296865e-002	5.48018999e-001	
9.86204136e-002	5.41684056e-001	
9.87111408e-002	5.32025951e-001	
9.88018679e-002	5.22996600e-001	
9.88925951e-002	5.14629101e-001	
9.89833222e-002	5.01771828e-001	
9.90740494e-002	4.87367030e-001	
9.91647765e-002	4.73543091e-001	
9.92555037e-002	4.61898178e-001	
9.93462308e-002	4.54486178e-001	
9.94369580e-002	4.47261096e-001	
9.95276851e-002	4.40232138e-001	
9.96184123e-002	4.33408844e-001	
9.97091394e-002	4.26801079e-001	
9.97998666e-002	4.20419006e-001	
9.98905937e-002	4.13232383e-001	
9.99813209e-002	4.04476596e-001	
1.00072048e-001	3.95859844e-001	
1.00162775e-001	3.87391407e-001	
1.00253502e-001	3.79081223e-001	
1.00344229e-001	3.70939928e-001	
1.00434957e-001	3.62978888e-001	
1.00525684e-001	3.55809381e-001	
1.00616411e-001	3.49317455e-001	
1.00707138e-001	3.42972820e-001	
1.00797865e-001	3.36783802e-001	
1.00888592e-001	3.30759136e-001	
1.00979320e-001	3.24907965e-001	
1.01070047e-001	3.19239828e-001	
1.01160774e-001	3.13834775e-001	
1.01251501e-001	3.08547294e-001	
1.01342228e-001	3.03364436e-001	
1.01432955e-001	2.98291654e-001	
1.01523682e-001	2.93334661e-001	
1.01614410e-001	2.88499423e-001	
1.01705137e-001	2.83792166e-001	
1.01795864e-001	2.80092217e-001	
1.01886591e-001	2.76761423e-001	
1.01977318e-001	2.73502464e-001	
1.02068045e-001	2.70317938e-001	
1.02158773e-001	2.67210506e-001	
1.02249500e-001	2.64182889e-001	
1.02340227e-001	2.61237862e-001	
1.02430954e-001	2.58602763e-001	
1.02521681e-001	2.56115758e-001	
1.02612408e-001	2.53748035e-001	
1.02703135e-001	2.51502965e-001	
1.02793863e-001	2.49383860e-001	
1.02884590e-001	2.47393957e-001	
1.02975317e-001	2.45536397e-001	
1.03066044e-001	2.43118205e-001	
1.03156771e-001	2.40788151e-001	
1.03247498e-001	2.38574548e-001	
1.03338225e-001	2.36480668e-001	
1.03428953e-001	2.34509717e-001	
1.03519680e-001	2.32664819e-001	
1.03610407e-001	2.31056287e-001	
1.03701134e-001	2.30666160e-001	
1.03791861e-001	2.30378588e-001	
1.03882588e-001	2.30193957e-001	
1.03973316e-001	2.30112512e-001	
1.04064043e-001	2.30134365e-001	
1.04154770e-001	2.30259486e-001	
1.04245497e-001	2.30465801e-001	
1.04336224e-001	2.30793766e-001	
1.04426951e-001	2.31268211e-001	
1.04517678e-001	2.31888236e-001	
1.04608406e-001	2.32652677e-001	
1.04699133e-001	2.33560116e-001	
1.04789860e-001	2.34608894e-001	
1.04880587e-001	2.35401076e-001	
1.04971314e-001	2.35488470e-001	
1.05062041e-001	2.35703461e-001	
1.05152769e-001	2.36045701e-001	
1.05243496e-001	2.36514637e-001	
1.05334223e-001	2.37109517e-001	
1.05424950e-001	2.37829396e-001	
1.05515677e-001	2.39055605e-001	
1.05606404e-001	2.40989566e-001	
1.05697131e-001	2.43143662e-001	
1.05787859e-001	2.45512098e-001	
1.05878586e-001	2.47344967e-001	
1.05969313e-001	2.49431525e-001	
1.06060040e-001	2.51763332e-001	
1.06150767e-001	2.54188169e-001	
1.06241494e-001	2.56735041e-001	
1.06332221e-001	2.59485677e-001	
1.06422949e-001	2.62433671e-001	
1.06513676e-001	2.65572450e-001	
1.06604403e-001	2.68895335e-001	
1.06695130e-001	2.72395586e-001	
1.06785857e-001	2.75124746e-001	
1.06876584e-001	2.77803077e-001	
1.06967312e-001	2.80894148e-001	
1.07058039e-001	2.84115439e-001	
1.07148766e-001	2.86779253e-001	
1.07239493e-001	2.89809311e-001	
1.07330220e-001	2.93194259e-001	
1.07420947e-001	2.94281205e-001	
1.07511674e-001	2.95109375e-001	
1.07602402e-001	2.96356941e-001	
1.07693129e-001	2.97149294e-001	
1.07783856e-001	2.96884003e-001	
1.07874583e-001	2.96931540e-001	
1.07965310e-001	2.94851681e-001	
1.08056037e-001	2.91696031e-001	
1.08146765e-001	2.87661649e-001	
1.08237492e-001	2.85024351e-001	
1.08328219e-001	2.79625682e-001	
1.08418946e-001	2.74732253e-001	
1.08509673e-001	2.66788536e-001	
1.08600400e-001	2.60006826e-001	
1.08691127e-001	2.54532541e-001	
1.08781855e-001	2.49151139e-001	
1.08872582e-001	2.43824510e-001	
1.08963309e-001	2.36758151e-001	
1.09054036e-001	2.29864553e-001	
1.09144763e-001	2.23190850e-001	
1.09235490e-001	2.18100852e-001	
1.09326217e-001	2.13237123e-001	
1.09416945e-001	2.08439956e-001	
1.09507672e-001	2.03714054e-001	
1.09598399e-001	1.99064491e-001	
1.09689126e-001	1.94496744e-001	
1.09779853e-001	1.90016711e-001	
1.09870580e-001	1.84695125e-001	
1.09961308e-001	1.77293448e-001	
1.10052035e-001	1.71916554e-001	
1.10142762e-001	1.67630093e-001	
1.10233489e-001	1.63354836e-001	
1.10324216e-001	1.59091686e-001	
1.10414943e-001	1.55259388e-001	
1.10505670e-001	1.51556417e-001	
1.10596398e-001	1.47880923e-001	
1.10687125e-001	1.44235005e-001	
1.10777852e-001	1.40620965e-001	
1.10868579e-001	1.37041324e-001	
1.10959306e-001	1.33498850e-001	
1.11050033e-001	1.29996581e-001	
1.11140761e-001	1.26537855e-001	
1.11231488e-001	1.25093841e-001	
1.11322215e-001	1.23762168e-001	
1.11412942e-001	1.22437279e-001	
1.11503669e-001	1.20929691e-001	
1.11594396e-001	1.18485094e-001	
1.11685123e-001	1.16040743e-001	
1.11775851e-001	1.13596655e-001	
1.11866578e-001	1.11152847e-001	
1.11957305e-001	1.08709337e-001	
1.12048032e-001	1.06266147e-001	
1.12138759e-001	1.03823298e-001	
1.12229486e-001	1.01380816e-001	
1.12320213e-001	9.89387268e-002	
1.12410941e-001	9.64970613e-002	
1.12501668e-001	9.40558523e-002	
1.12592395e-001	9.16151361e-002	
1.12683122e-001	8.91749533e-002	
1.12773849e-001	8.67353489e-002	
1.12864576e-001	8.42963731e-002	
1.12955304e-001	8.18580820e-002	
1.13046031e-001	7.94205388e-002	
1.13136758e-001	7.69838145e-002	
1.13227485e-001	7.45479894e-002	
1.13318212e-001	7.21316620e-002	
1.13408939e-001	7.10453592e-002	
1.13499666e-001	6.99629788e-002	
1.13590394e-001	6.88847057e-002	
1.13681121e-001	6.78107359e-002	
1.13771848e-001	6.67412772e-002	
1.13862575e-001	6.56765499e-002	
1.13953302e-001	6.46167879e-002	
1.14044029e-001	6.35622395e-002	
1.14134757e-001	6.25131686e-002	
1.14225484e-001	6.11870451e-002	
1.14316211e-001	5.97132812e-002	
1.14406938e-001	5.82395301e-002	
1.14497665e-001	5.67657927e-002	
1.14588392e-001	5.52920704e-002	
1.14679119e-001	5.38183641e-002	
1.14769847e-001	5.23446754e-002	
1.14860574e-001	5.08710057e-002	
1.14951301e-001	4.93973567e-002	
1.15042028e-001	4.79237303e-002	
1.15132755e-001	4.64501288e-002	
1.15223482e-001	4.49765545e-002	
1.15314209e-001	4.40163690e-002	
1.15404937e-001	4.33138295e-002	
1.15495664e-001	4.26115113e-002	
1.15586391e-001	4.19094258e-002	
1.15677118e-001	4.12075848e-002	
1.15767845e-001	4.05060009e-002	
1.15858572e-001	3.98046879e-002	
1.15949300e-001	3.91036602e-002	
1.16040027e-001	3.83850016e-002	
1.16130754e-001	3.76616180e-002	
1.16221481e-001	3.69394316e-002	
1.16312208e-001	3.62185139e-002	
1.16402935e-001	3.54989423e-002	
1.16493662e-001	3.47808004e-002	
1.16584390e-001	3.40641784e-002	
1.16675117e-001	3.33491746e-002	
1.16765844e-001	3.26358950e-002	
1.16856571e-001	3.19244555e-002	
1.16947298e-001	3.12149817e-002	
1.17038025e-001	3.05076108e-002	
1.17128753e-001	2.98223131e-002	
1.17219480e-001	2.93326115e-002	
1.17310207e-001	2.88431355e-002	
1.17400934e-001	2.83538966e-002	
1.17491661e-001	2.78649074e-002	
1.17582388e-001	2.73761812e-002	
1.17673115e-001	2.68877324e-002	
1.17763843e-001	2.63995763e-002	
1.17854570e-001	2.59101714e-002	
1.17945297e-001	2.54051674e-002	
1.18036024e-001	2.49025554e-002	
1.18126751e-001	2.44024834e-002	
1.18217478e-001	2.39051108e-002	
1.18308205e-001	2.34106095e-002	
1.18398933e-001	2.29191655e-002	
1.18489660e-001	2.24309796e-002	
1.18580387e-001	2.19462694e-002	
1.18671114e-001	2.14652702e-002	
1.18761841e-001	2.09882372e-002	
1.18852568e-001	2.05154472e-002	
1.18943296e-001	2.00860464e-002	
1.19034023e-001	1.98488174e-002	
1.19124750e-001	1.96134559e-002	
1.19215477e-001	1.93800302e-002	
1.19306204e-001	1.91486109e-002	
1.19396931e-001	1.89192717e-002	
1.19487658e-001	1.86920892e-002	
1.19578386e-001	1.84671430e-002	
1.19669113e-001	1.82445157e-002	
1.19759840e-001	1.80242933e-002	
1.19850567e-001	1.78124482e-002	
1.19941294e-001	1.76131679e-002	
1.20032021e-001	1.74260798e-002	
1.20122748e-001	1.72515808e-002	
1.20213476e-001	1.70900564e-002	
1.20304203e-001	1.69418777e-002	
1.20394930e-001	1.68073977e-002	
1.20485657e-001	1.66869475e-002	
1.20576384e-001	1.65808331e-002	
1.20667111e-001	1.64928564e-002	
1.20757839e-001	1.64981687e-002	
1.20848566e-001	1.65075110e-002	
1.20939293e-001	1.65208765e-002	
1.21030020e-001	1.65382556e-002	
1.21120747e-001	1.65596354e-002	
1.21211474e-001	1.65850007e-002	
1.21302201e-001	1.66143330e-002	
1.21392929e-001	1.66476115e-002	
1.21483656e-001	1.66848126e-002	
1.21574383e-001	1.67259100e-002	
1.21665110e-001	1.67708751e-002	
1.21755837e-001	1.68196769e-002	
1.21846564e-001	1.69138823e-002	
1.21937292e-001	1.71121842e-002	
1.22028019e-001	1.73231927e-002	
1.22118746e-001	1.75464496e-002	
1.22209473e-001	1.77814934e-002	
1.22300200e-001	1.80278631e-002	
1.22390927e-001	1.82851008e-002	
1.22481654e-001	1.85527546e-002	
1.22572382e-001	1.88303803e-002	
1.22663109e-001	1.91175435e-002	
1.22753836e-001	1.93907180e-002	
1.22844563e-001	1.96456715e-002	
1.22935290e-001	1.99023055e-002	
1.23026017e-001	2.01605558e-002	
1.23116744e-001	2.04203609e-002	
1.23207472e-001	2.06816624e-002	
1.23298199e-001	2.09863278e-002	
1.23388926e-001	2.14486418e-002	
1.23479653e-001	2.19130492e-002	
1.23570380e-001	2.23794197e-002	
1.23661107e-001	2.28476331e-002	
1.23751835e-001	2.33175784e-002	
1.23842562e-001	2.37891528e-002	
1.23933289e-001	2.42622616e-002	
1.24024016e-001	2.47368165e-002	
1.24114743e-001	2.52127359e-002	
1.24205470e-001	2.56899441e-002	
1.24296197e-001	2.61683704e-002	
1.24386925e-001	2.66479493e-002	
1.24477652e-001	2.71019689e-002	
1.24568379e-001	2.76667369e-002	
1.24659106e-001	2.82591156e-002	
1.24749833e-001	2.88527212e-002	
1.24840560e-001	2.94474793e-002	
1.24931288e-001	3.00433216e-002	
1.25022015e-001	3.06401849e-002	
1.25112742e-001	3.12380105e-002	
1.25203469e-001	3.18367443e-002	
1.25294196e-001	3.25059282e-002	
1.25384923e-001	3.32222945e-002	
1.25475650e-001	3.39387347e-002	
1.25566378e-001	3.46552444e-002	
1.25657105e-001	3.53729156e-002	
1.25747832e-001	3.60880520e-002	
1.25838559e-001	3.67671403e-002	
1.25929286e-001	3.74407475e-002	
1.26020013e-001	3.81143855e-002	
1.26110740e-001	3.87880525e-002	
1.26201468e-001	3.94617472e-002	
1.26292195e-001	4.02697656e-002	
1.26382922e-001	4.11299263e-002	
1.26473649e-001	4.21083312e-002	
1.26564376e-001	4.30875196e-002	
1.26655103e-001	4.40609099e-002	
1.26745831e-001	4.50081498e-002	
1.26836558e-001	4.62021574e-002	
1.26927285e-001	4.74483415e-002	
1.27018012e-001	4.85539066e-002	
1.27108739e-001	4.96757188e-002	
1.27199466e-001	5.08991455e-002	
1.27290193e-001	5.21232443e-002	
1.27380921e-001	5.33473747e-002	
1.27471648e-001	5.45715345e-002	
1.27562375e-001	5.57957219e-002	
1.27653102e-001	5.70199349e-002	
1.27743829e-001	5.83805241e-002	
1.27834556e-001	6.00891988e-002	
1.27925284e-001	6.18829485e-002	
1.28016011e-001	6.36043420e-002	
1.28106738e-001	6.53228473e-002	
1.28197465e-001	6.69350742e-002	
1.28288192e-001	6.85410921e-002	
1.28378919e-001	7.01508943e-002	
1.28469646e-001	7.17215015e-002	
1.28560374e-001	7.34528420e-002	
1.28651101e-001	7.59288911e-002	
1.28741828e-001	7.84049563e-002	
1.28832555e-001	8.03574353e-002	
1.28923282e-001	8.20451395e-002	
1.29014009e-001	8.37381849e-002	
1.29104736e-001	8.54362539e-002	
1.29195464e-001	8.71390527e-002	
1.29286191e-001	8.88463096e-002	
1.29376918e-001	9.05577722e-002	
1.29467645e-001	9.22732067e-002	
1.29558372e-001	9.40521882e-002	
1.29649099e-001	9.73106228e-002	
1.29739827e-001	1.00571074e-001	
1.29830554e-001	1.03833353e-001	
1.29921281e-001	1.07097291e-001	
1.30012008e-001	1.10362742e-001	
1.30102735e-001	1.13514687e-001	
1.30193462e-001	1.16603786e-001	
1.30284189e-001	1.19695125e-001	
1.30374917e-001	1.22537442e-001	
1.30465644e-001	1.25026752e-001	
1.30556371e-001	1.28403496e-001	
1.30647098e-001	1.34799187e-001	
1.30737825e-001	1.41214032e-001	
1.30828552e-001	1.47645536e-001	
1.30919280e-001	1.54091613e-001	
1.31010007e-001	1.60550506e-001	
1.31100734e-001	1.65941963e-001	
1.31191461e-001	1.71280878e-001	
1.31282188e-001	1.77479331e-001	
1.31372915e-001	1.89687355e-001	
1.31463642e-001	2.01905277e-001	
1.31554370e-001	2.14131402e-001	
1.31645097e-001	2.24938088e-001	
1.31735824e-001	2.34381035e-001	
1.31826551e-001	2.43837930e-001	
1.31917278e-001	2.53307211e-001	
1.32008005e-001	2.62787538e-001	
1.32098732e-001	2.72304032e-001	
1.32189460e-001	2.95351524e-001	
1.32280187e-001	3.18600108e-001	
1.32370914e-001	3.42008777e-001	
1.32461641e-001	3.64326312e-001	
1.32552368e-001	3.99361697e-001	
1.32643095e-001	4.45695055e-001	
1.32733823e-001	4.92087623e-001	
1.32824550e-001	5.67319715e-001	
1.32915277e-001	7.22794720e-001	
1.33006004e-001	1.11649313e+000	
1.33096731e-001	8.09093686e-001	
1.33187458e-001	6.69620541e-001	
1.33278185e-001	6.06481741e-001	
1.33368913e-001	5.54866119e-001	
1.33459640e-001	5.22071187e-001	
1.33550367e-001	4.96911229e-001	
1.33641094e-001	4.73785377e-001	
1.33731821e-001	4.53005261e-001	
1.33822548e-001	4.38583323e-001	
1.33913276e-001	4.27535960e-001	
1.34004003e-001	4.17889251e-001	
1.34094730e-001	4.09742138e-001	
1.34185457e-001	4.04040934e-001	
1.34276184e-001	4.00208161e-001	
1.34366911e-001	3.97658316e-001	
1.34457638e-001	3.96416157e-001	
1.34548366e-001	3.96688985e-001	
1.34639093e-001	3.98347602e-001	
1.34729820e-001	4.01296196e-001	
1.34820547e-001	4.05506628e-001	
1.34911274e-001	4.09572195e-001	
1.35002001e-001	4.13898423e-001	
1.35092728e-001	4.20036133e-001	
1.35183456e-001	4.27907380e-001	
1.35274183e-001	4.40257202e-001	
1.35364910e-001	4.59273775e-001	
1.35455637e-001	4.80656634e-001	
1.35546364e-001	5.04104753e-001	
1.35637091e-001	5.37377001e-001	
1.35727819e-001	5.89538261e-001	
1.35818546e-001	6.56487276e-001	
1.35909273e-001	8.04707732e-001	
1.36000000e-001	9.39829356e-001	
