% Column 0: Length, m
% Column 1: |B|, Tesla
0.00000000e+000	1.19885379e+000	
7.73849233e-005	9.86393006e-001	
1.54769847e-004	9.01654172e-001	
2.32154770e-004	8.46434982e-001	
3.09539693e-004	8.14810815e-001	
3.86924616e-004	7.86510726e-001	
4.64309540e-004	7.73307018e-001	
5.41694463e-004	7.62020126e-001	
6.19079386e-004	7.53485109e-001	
6.96464310e-004	7.46968246e-001	
7.73849233e-004	7.41655931e-001	
8.51234156e-004	7.37680517e-001	
9.28619079e-004	7.34389442e-001	
1.00600400e-003	7.31791939e-001	
1.08338893e-003	7.29895411e-001	
1.16077385e-003	7.27541493e-001	
1.23815877e-003	7.23981672e-001	
1.31554370e-003	7.20966795e-001	
1.39292862e-003	7.18503723e-001	
1.47031354e-003	7.16598146e-001	
1.54769847e-003	7.14606466e-001	
1.62508339e-003	7.12884087e-001	
1.70246831e-003	7.11816320e-001	
1.77985324e-003	7.11406113e-001	
1.85723816e-003	7.11654603e-001	
1.93462308e-003	7.12561101e-001	
2.01200801e-003	7.14123101e-001	
2.08939293e-003	7.16336315e-001	
2.16677785e-003	7.19194731e-001	
2.24416278e-003	7.23067762e-001	
2.32154770e-003	7.34654829e-001	
2.39893262e-003	7.47643645e-001	
2.47631755e-003	7.61962529e-001	
2.55370247e-003	7.77538002e-001	
2.63108739e-003	7.97538353e-001	
2.70847231e-003	8.29165422e-001	
2.78585724e-003	8.63938524e-001	
2.86324216e-003	9.25465711e-001	
2.94062708e-003	1.02355861e+000	
3.01801201e-003	9.99343865e-001	
3.09539693e-003	6.74642202e-001	
3.17278185e-003	5.53203819e-001	
3.25016678e-003	5.00209969e-001	
3.32755170e-003	4.40276594e-001	
3.40493662e-003	4.02765839e-001	
3.48232155e-003	3.75057524e-001	
3.55970647e-003	3.49623545e-001	
3.63709139e-003	3.24566648e-001	
3.71447632e-003	3.10570779e-001	
3.79186124e-003	2.98510323e-001	
3.86924616e-003	2.86453247e-001	
3.94663109e-003	2.74399997e-001	
4.02401601e-003	2.62351101e-001	
4.10140093e-003	2.50307186e-001	
4.17878586e-003	2.38269009e-001	
4.25617078e-003	2.26237485e-001	
4.33355570e-003	2.18824507e-001	
4.41094063e-003	2.12531831e-001	
4.48832555e-003	2.06263957e-001	
4.56571047e-003	2.00023215e-001	
4.64309540e-003	1.93812227e-001	
4.72048032e-003	1.87633948e-001	
4.79786524e-003	1.81491718e-001	
4.87525017e-003	1.75389325e-001	
4.95263509e-003	1.69331074e-001	
5.03002001e-003	1.63321880e-001	
5.10740494e-003	1.57367361e-001	
5.18478986e-003	1.52353924e-001	
5.26217478e-003	1.48082937e-001	
5.33955971e-003	1.43812308e-001	
5.41694463e-003	1.39542070e-001	
5.49432955e-003	1.35272259e-001	
5.57171448e-003	1.31002918e-001	
5.64909940e-003	1.26734095e-001	
5.72648432e-003	1.22465842e-001	
5.80386925e-003	1.18198222e-001	
5.88125417e-003	1.15527242e-001	
5.95863909e-003	1.13080734e-001	
6.03602402e-003	1.10642448e-001	
6.11340894e-003	1.08212940e-001	
6.19079386e-003	1.05792815e-001	
6.26817879e-003	1.03382731e-001	
6.34556371e-003	1.01259353e-001	
6.42294863e-003	9.95600672e-002	
6.50033356e-003	9.78611281e-002	
6.57771848e-003	9.61625535e-002	
6.65510340e-003	9.44643630e-002	
6.73248833e-003	9.27665778e-002	
6.80987325e-003	9.10692205e-002	
6.88725817e-003	8.93723156e-002	
6.96464310e-003	8.76758892e-002	
7.04202802e-003	8.59799698e-002	
7.11941294e-003	8.42845878e-002	
7.19679787e-003	8.25897765e-002	
7.27418279e-003	8.08955716e-002	
7.35156771e-003	7.92020121e-002	
7.42895264e-003	7.75091404e-002	
7.50633756e-003	7.58170023e-002	
7.58372248e-003	7.41256483e-002	
7.66110740e-003	7.24351332e-002	
7.73849233e-003	7.07455172e-002	
7.81587725e-003	6.95482639e-002	
7.89326217e-003	6.85734796e-002	
7.97064710e-003	6.76006339e-002	
8.04803202e-003	6.64897941e-002	
8.12541694e-003	6.50516486e-002	
8.20280187e-003	6.36135873e-002	
8.28018679e-003	6.21756161e-002	
8.35757171e-003	6.07377415e-002	
8.43495664e-003	5.92999705e-002	
8.51234156e-003	5.78623107e-002	
8.58972648e-003	5.64247707e-002	
8.66711141e-003	5.49873600e-002	
8.74449633e-003	5.35500888e-002	
8.82188125e-003	5.21129687e-002	
8.89926618e-003	5.06760126e-002	
8.97665110e-003	4.92392349e-002	
9.05403602e-003	4.81839377e-002	
9.13142095e-003	4.73684087e-002	
9.20880587e-003	4.65531651e-002	
9.28619079e-003	4.57382220e-002	
9.36357572e-003	4.49235959e-002	
9.44096064e-003	4.41093042e-002	
9.51834556e-003	4.32953659e-002	
9.59573049e-003	4.24596996e-002	
9.67311541e-003	4.16189264e-002	
9.75050033e-003	4.07783888e-002	
9.82788526e-003	3.99381017e-002	
9.90527018e-003	3.90980812e-002	
9.98265510e-003	3.82583448e-002	
1.00600400e-002	3.74189119e-002	
1.01374249e-002	3.66128567e-002	
1.02148099e-002	3.60923701e-002	
1.02921948e-002	3.55719481e-002	
1.03695797e-002	3.50515935e-002	
1.04469646e-002	3.45313095e-002	
1.05243496e-002	3.40110992e-002	
1.06017345e-002	3.34909662e-002	
1.06791194e-002	3.29709140e-002	
1.07565043e-002	3.24509465e-002	
1.08338893e-002	3.19310680e-002	
1.09112742e-002	3.14112827e-002	
1.09886591e-002	3.08915955e-002	
1.10660440e-002	3.03720113e-002	
1.11434290e-002	2.97927974e-002	
1.12208139e-002	2.91304120e-002	
1.12981988e-002	2.84695940e-002	
1.13755837e-002	2.78104551e-002	
1.14529686e-002	2.71531177e-002	
1.15303536e-002	2.65727016e-002	
1.16077385e-002	2.62038739e-002	
1.16851234e-002	2.58369875e-002	
1.17625083e-002	2.54721264e-002	
1.18398933e-002	2.51093788e-002	
1.19172782e-002	2.47488376e-002	
1.19946631e-002	2.43906006e-002	
1.20720480e-002	2.40347710e-002	
1.21494330e-002	2.36814573e-002	
1.22268179e-002	2.33307736e-002	
1.23042028e-002	2.29828405e-002	
1.23815877e-002	2.26315326e-002	
1.24589726e-002	2.22394334e-002	
1.25363576e-002	2.18497658e-002	
1.26137425e-002	2.14626625e-002	
1.26911274e-002	2.10782647e-002	
1.27685123e-002	2.06967231e-002	
1.28458973e-002	2.03181987e-002	
1.29232822e-002	2.00049546e-002	
1.30006671e-002	1.98040647e-002	
1.30780520e-002	1.96044795e-002	
1.31554370e-002	1.94062392e-002	
1.32328219e-002	1.92096859e-002	
1.33102068e-002	1.90163100e-002	
1.33875917e-002	1.88263092e-002	
1.34649767e-002	1.86397868e-002	
1.35423616e-002	1.84568481e-002	
1.36197465e-002	1.82776008e-002	
1.36971314e-002	1.81021546e-002	
1.37745163e-002	1.79306210e-002	
1.38519013e-002	1.77631134e-002	
1.39292862e-002	1.75997468e-002	
1.40066711e-002	1.74406374e-002	
1.40840560e-002	1.72859029e-002	
1.41614410e-002	1.71356617e-002	
1.42388259e-002	1.69900332e-002	
1.43162108e-002	1.68963532e-002	
1.43935957e-002	1.68663128e-002	
1.44709807e-002	1.68408338e-002	
1.45483656e-002	1.68199369e-002	
1.46257505e-002	1.68036391e-002	
1.47031354e-002	1.67919538e-002	
1.47805203e-002	1.67848908e-002	
1.48579053e-002	1.67824557e-002	
1.49352902e-002	1.67846507e-002	
1.50126751e-002	1.67868438e-002	
1.50900600e-002	1.67925696e-002	
1.51674450e-002	1.68058663e-002	
1.52448299e-002	1.68267163e-002	
1.53222148e-002	1.68550913e-002	
1.53995997e-002	1.68909535e-002	
1.54769847e-002	1.69342553e-002	
1.55543696e-002	1.69849398e-002	
1.56317545e-002	1.70429412e-002	
1.57091394e-002	1.71081850e-002	
1.57865243e-002	1.71805887e-002	
1.58639093e-002	1.73692520e-002	
1.59412942e-002	1.75659719e-002	
1.60186791e-002	1.77666985e-002	
1.60960640e-002	1.79712974e-002	
1.61734490e-002	1.81796379e-002	
1.62508339e-002	1.83915929e-002	
1.63282188e-002	1.86070388e-002	
1.64056037e-002	1.88258558e-002	
1.64829887e-002	1.90479278e-002	
1.65603736e-002	1.92731421e-002	
1.66377585e-002	1.95013900e-002	
1.67151434e-002	1.97325662e-002	
1.67925284e-002	1.99665689e-002	
1.68699133e-002	2.02032999e-002	
1.69472982e-002	2.04426646e-002	
1.70246831e-002	2.06845713e-002	
1.71020680e-002	2.09289320e-002	
1.71794530e-002	2.11756618e-002	
1.72568379e-002	2.14246787e-002	
1.73342228e-002	2.17375663e-002	
1.74116077e-002	2.21212278e-002	
1.74889927e-002	2.25057781e-002	
1.75663776e-002	2.28911725e-002	
1.76437625e-002	2.32773690e-002	
1.77211474e-002	2.36643282e-002	
1.77985324e-002	2.40520135e-002	
1.78759173e-002	2.44403903e-002	
1.79533022e-002	2.48294261e-002	
1.80306871e-002	2.52190904e-002	
1.81080720e-002	2.56093545e-002	
1.81854570e-002	2.60001914e-002	
1.82628419e-002	2.63915757e-002	
1.83402268e-002	2.67834834e-002	
1.84176117e-002	2.71758918e-002	
1.84949967e-002	2.75687795e-002	
1.85723816e-002	2.79621264e-002	
1.86497665e-002	2.83559133e-002	
1.87271514e-002	2.87501222e-002	
1.88045364e-002	2.91447359e-002	
1.88819213e-002	2.95941055e-002	
1.89593062e-002	3.02504023e-002	
1.90366911e-002	3.09085240e-002	
1.91140761e-002	3.15683566e-002	
1.91914610e-002	3.22297949e-002	
1.92688459e-002	3.28927421e-002	
1.93462308e-002	3.35154948e-002	
1.94236157e-002	3.41383183e-002	
1.95010007e-002	3.47612141e-002	
1.95783856e-002	3.53841785e-002	
1.96557705e-002	3.60072079e-002	
1.97331554e-002	3.66302989e-002	
1.98105404e-002	3.72534485e-002	
1.98879253e-002	3.78766538e-002	
1.99653102e-002	3.84999120e-002	
2.00426951e-002	3.91232207e-002	
2.01200801e-002	3.97465775e-002	
2.01974650e-002	4.03699801e-002	
2.02748499e-002	4.09934264e-002	
2.03522348e-002	4.16169145e-002	
2.04296197e-002	4.22404426e-002	
2.05070047e-002	4.28640089e-002	
2.05843896e-002	4.35868313e-002	
2.06617745e-002	4.43586441e-002	
2.07391594e-002	4.52236109e-002	
2.08165444e-002	4.62731537e-002	
2.08939293e-002	4.73228806e-002	
2.09713142e-002	4.83727797e-002	
2.10486991e-002	4.94228398e-002	
2.11260841e-002	5.04730511e-002	
2.12034690e-002	5.15234042e-002	
2.12808539e-002	5.25738906e-002	
2.13582388e-002	5.36245025e-002	
2.14356237e-002	5.46752327e-002	
2.15130087e-002	5.57260745e-002	
2.15903936e-002	5.67770217e-002	
2.16677785e-002	5.78280685e-002	
2.17451634e-002	5.88792096e-002	
2.18225484e-002	5.99304400e-002	
2.18999333e-002	6.09668664e-002	
2.19773182e-002	6.19683883e-002	
2.20547031e-002	6.29699666e-002	
2.21320881e-002	6.39715987e-002	
2.22094730e-002	6.49732820e-002	
2.22868579e-002	6.59750143e-002	
2.23642428e-002	6.69767934e-002	
2.24416278e-002	6.79786171e-002	
2.25190127e-002	6.89804835e-002	
2.25963976e-002	6.99823908e-002	
2.26737825e-002	7.09985511e-002	
2.27511674e-002	7.23438522e-002	
2.28285524e-002	7.45578345e-002	
2.29059373e-002	7.67724023e-002	
2.29833222e-002	7.89875063e-002	
2.30607071e-002	8.12031027e-002	
2.31380921e-002	8.34191522e-002	
2.32154770e-002	8.56356196e-002	
2.32928619e-002	8.78524733e-002	
2.33702468e-002	9.00696847e-002	
2.34476318e-002	9.22872282e-002	
2.35250167e-002	9.45050803e-002	
2.36024016e-002	9.67232197e-002	
2.36797865e-002	9.89416272e-002	
2.37571714e-002	1.01160285e-001	
2.38345564e-002	1.03379177e-001	
2.39119413e-002	1.05598289e-001	
2.39893262e-002	1.07817607e-001	
2.40667111e-002	1.10037118e-001	
2.41440961e-002	1.12256812e-001	
2.42214810e-002	1.13627810e-001	
2.42988659e-002	1.14350616e-001	
2.43762508e-002	1.15087559e-001	
2.44536358e-002	1.15838370e-001	
2.45310207e-002	1.16602780e-001	
2.46084056e-002	1.18575037e-001	
2.46857905e-002	1.21822050e-001	
2.47631755e-002	1.25086531e-001	
2.48405604e-002	1.28367147e-001	
2.49179453e-002	1.31662692e-001	
2.49953302e-002	1.34972074e-001	
2.50727151e-002	1.38294298e-001	
2.51501001e-002	1.41628460e-001	
2.52274850e-002	1.44973738e-001	
2.53048699e-002	1.48329378e-001	
2.53822548e-002	1.51694694e-001	
2.54596398e-002	1.55069055e-001	
2.55370247e-002	1.58451884e-001	
2.56144096e-002	1.61842649e-001	
2.56917945e-002	1.65240862e-001	
2.57691795e-002	1.68312113e-001	
2.58465644e-002	1.70831032e-001	
2.59239493e-002	1.73373177e-001	
2.60013342e-002	1.75937541e-001	
2.60787191e-002	1.78523167e-001	
2.61561041e-002	1.83664968e-001	
2.62334890e-002	1.89295011e-001	
2.63108739e-002	1.95012136e-001	
2.63882588e-002	2.00808904e-001	
2.64656438e-002	2.06678616e-001	
2.65430287e-002	2.12615228e-001	
2.66204136e-002	2.18613293e-001	
2.66977985e-002	2.24667886e-001	
2.67751835e-002	2.30774561e-001	
2.68525684e-002	2.36929288e-001	
2.69299533e-002	2.43128420e-001	
2.70073382e-002	2.45800969e-001	
2.70847231e-002	2.48847265e-001	
2.71621081e-002	2.54405058e-001	
2.72394930e-002	2.60163149e-001	
2.73168779e-002	2.66108537e-001	
2.73942628e-002	2.72228952e-001	
2.74716478e-002	2.78512853e-001	
2.75490327e-002	2.84941514e-001	
2.76264176e-002	2.90140494e-001	
2.77038025e-002	2.95239389e-001	
2.77811875e-002	2.98652284e-001	
2.78585724e-002	3.02684274e-001	
2.79359573e-002	3.07310992e-001	
2.80133422e-002	3.12506023e-001	
2.80907272e-002	3.16957550e-001	
2.81681121e-002	3.17405329e-001	
2.82454970e-002	3.17956311e-001	
2.83228819e-002	3.18609959e-001	
2.84002668e-002	3.15988449e-001	
2.84776518e-002	3.13624611e-001	
2.85550367e-002	3.11772394e-001	
2.86324216e-002	3.10440957e-001	
2.87098065e-002	3.09637018e-001	
2.87871915e-002	3.09364690e-001	
2.88645764e-002	3.09625375e-001	
2.89419613e-002	3.06881827e-001	
2.90193462e-002	3.01282125e-001	
2.90967312e-002	2.95882808e-001	
2.91741161e-002	2.90695042e-001	
2.92515010e-002	2.85730350e-001	
2.93288859e-002	2.81000557e-001	
2.94062708e-002	2.76517716e-001	
2.94836558e-002	2.73172802e-001	
2.95610407e-002	2.72977024e-001	
2.96384256e-002	2.70784126e-001	
2.97158105e-002	2.67471621e-001	
2.97931955e-002	2.64303661e-001	
2.98705804e-002	2.61285502e-001	
2.99479653e-002	2.58422392e-001	
3.00253502e-002	2.55719541e-001	
3.01027352e-002	2.53182080e-001	
3.01801201e-002	2.50815030e-001	
3.02575050e-002	2.48623257e-001	
3.03348899e-002	2.46475782e-001	
3.04122748e-002	2.44305879e-001	
3.04896598e-002	2.42218138e-001	
3.05670447e-002	2.39872769e-001	
3.06444296e-002	2.37347422e-001	
3.07218145e-002	2.34943697e-001	
3.07991995e-002	2.32665365e-001	
3.08765844e-002	2.30516142e-001	
3.09539693e-002	2.28499674e-001	
3.10313542e-002	2.26619502e-001	
3.11087392e-002	2.25617523e-001	
3.11861241e-002	2.25654168e-001	
3.12635090e-002	2.25774171e-001	
3.13408939e-002	2.25977399e-001	
3.14182789e-002	2.26263629e-001	
3.14956638e-002	2.26632546e-001	
3.15730487e-002	2.27083747e-001	
3.16504336e-002	2.27616743e-001	
3.17278185e-002	2.28230960e-001	
3.18052035e-002	2.28925744e-001	
3.18825884e-002	2.29700366e-001	
3.19599733e-002	2.29387386e-001	
3.20373582e-002	2.28329163e-001	
3.21147432e-002	2.27370803e-001	
3.21921281e-002	2.26835424e-001	
3.22695130e-002	2.27312251e-001	
3.23468979e-002	2.27891576e-001	
3.24242829e-002	2.29011138e-001	
3.25016678e-002	2.30490942e-001	
3.25790527e-002	2.32070387e-001	
3.26564376e-002	2.33747452e-001	
3.27338225e-002	2.35520053e-001	
3.28112075e-002	2.37386049e-001	
3.28885924e-002	2.39343255e-001	
3.29659773e-002	2.41389453e-001	
3.30433622e-002	2.43522401e-001	
3.31207472e-002	2.45739838e-001	
3.31981321e-002	2.48039499e-001	
3.32755170e-002	2.50419119e-001	
3.33529019e-002	2.52876440e-001	
3.34302869e-002	2.55409220e-001	
3.35076718e-002	2.58015236e-001	
3.35850567e-002	2.61136381e-001	
3.36624416e-002	2.64506928e-001	
3.37398266e-002	2.68225664e-001	
3.38172115e-002	2.72635330e-001	
3.38945964e-002	2.77133268e-001	
3.39719813e-002	2.81715251e-001	
3.40493662e-002	2.86377245e-001	
3.41267512e-002	2.90210653e-001	
3.42041361e-002	2.93034592e-001	
3.42815210e-002	2.95930133e-001	
3.43589059e-002	2.98895196e-001	
3.44362909e-002	3.01927732e-001	
3.45136758e-002	3.05025728e-001	
3.45910607e-002	3.08187212e-001	
3.46684456e-002	3.11410249e-001	
3.47458306e-002	3.14692948e-001	
3.48232155e-002	3.18033461e-001	
3.49006004e-002	3.21197546e-001	
3.49779853e-002	3.24210244e-001	
3.50553702e-002	3.27349323e-001	
3.51327552e-002	3.30611182e-001	
3.52101401e-002	3.33992224e-001	
3.52875250e-002	3.37488867e-001	
3.53649099e-002	3.44534402e-001	
3.54422949e-002	3.51935738e-001	
3.55196798e-002	3.59422027e-001	
3.55970647e-002	3.66988070e-001	
3.56744496e-002	3.74629035e-001	
3.57518346e-002	3.82340429e-001	
3.58292195e-002	3.90118078e-001	
3.59066044e-002	3.97228716e-001	
3.59839893e-002	4.03914526e-001	
3.60613742e-002	4.10799418e-001	
3.61387592e-002	4.17873553e-001	
3.62161441e-002	4.25127482e-001	
3.62935290e-002	4.32552161e-001	
3.63709139e-002	4.40138948e-001	
3.64482989e-002	4.47576355e-001	
3.65256838e-002	4.53405208e-001	
3.66030687e-002	4.59421895e-001	
3.66804536e-002	4.70631682e-001	
3.67578386e-002	4.82183499e-001	
3.68352235e-002	4.94053354e-001	
3.69126084e-002	5.06218875e-001	
3.69899933e-002	5.18659257e-001	
3.70673783e-002	5.31355196e-001	
3.71447632e-002	5.36489980e-001	
3.72221481e-002	5.40863652e-001	
3.72995330e-002	5.49484291e-001	
3.73769179e-002	5.58656483e-001	
3.74543029e-002	5.68353527e-001	
3.75316878e-002	5.78549032e-001	
3.76090727e-002	5.89217123e-001	
3.76864576e-002	5.95961084e-001	
3.77638426e-002	6.00284150e-001	
3.78412275e-002	6.05988708e-001	
3.79186124e-002	6.06602500e-001	
3.79959973e-002	6.04865443e-001	
3.80733823e-002	6.03630401e-001	
3.81507672e-002	6.02900457e-001	
3.82281521e-002	6.02583330e-001	
3.83055370e-002	6.03193983e-001	
3.83829219e-002	5.88835955e-001	
3.84603069e-002	5.71663893e-001	
3.85376918e-002	5.64532354e-001	
3.86150767e-002	5.58234575e-001	
3.86924616e-002	5.52799052e-001	
3.87698466e-002	5.47347986e-001	
3.88472315e-002	5.34106195e-001	
3.89246164e-002	5.21183400e-001	
3.90020013e-002	5.08603915e-001	
3.90793863e-002	4.98797428e-001	
3.91567712e-002	4.94965829e-001	
3.92341561e-002	4.91346944e-001	
3.93115410e-002	4.87945505e-001	
3.93889260e-002	4.79325562e-001	
3.94663109e-002	4.68399726e-001	
3.95436958e-002	4.57672933e-001	
3.96210807e-002	4.47159506e-001	
3.96984656e-002	4.39633025e-001	
3.97758506e-002	4.32468476e-001	
3.98532355e-002	4.25414654e-001	
3.99306204e-002	4.18477159e-001	
4.00080053e-002	4.11661871e-001	
4.00853903e-002	4.05088005e-001	
4.01627752e-002	3.98752750e-001	
4.02401601e-002	3.91856858e-001	
4.03175450e-002	3.84812601e-001	
4.03949300e-002	3.77888517e-001	
4.04723149e-002	3.71188720e-001	
4.05496998e-002	3.66380164e-001	
4.06270847e-002	3.61754861e-001	
4.07044696e-002	3.57319928e-001	
4.07818546e-002	3.53082539e-001	
4.08592395e-002	3.49174060e-001	
4.09366244e-002	3.46734116e-001	
4.10140093e-002	3.43968177e-001	
4.10913943e-002	3.40448072e-001	
4.11687792e-002	3.36998894e-001	
4.12461641e-002	3.33269376e-001	
4.13235490e-002	3.29741933e-001	
4.14009340e-002	3.26423116e-001	
4.14783189e-002	3.23319351e-001	
4.15557038e-002	3.20126407e-001	
4.16330887e-002	3.16957972e-001	
4.17104736e-002	3.13900231e-001	
4.17878586e-002	3.10956446e-001	
4.18652435e-002	3.07870982e-001	
4.19426284e-002	3.04493616e-001	
4.20200133e-002	3.01900030e-001	
4.20973983e-002	2.99857534e-001	
4.21747832e-002	2.97926579e-001	
4.22521681e-002	2.96109344e-001	
4.23295530e-002	2.94407938e-001	
4.24069380e-002	2.92824377e-001	
4.24843229e-002	2.91449393e-001	
4.25617078e-002	2.90424180e-001	
4.26390927e-002	2.89732882e-001	
4.27164777e-002	2.89204456e-001	
4.27938626e-002	2.88839796e-001	
4.28712475e-002	2.88639523e-001	
4.29486324e-002	2.88603978e-001	
4.30260173e-002	2.88733224e-001	
4.31034023e-002	2.88619981e-001	
4.31807872e-002	2.87367692e-001	
4.32581721e-002	2.86210831e-001	
4.33355570e-002	2.85150557e-001	
4.34129420e-002	2.84187954e-001	
4.34903269e-002	2.83324015e-001	
4.35677118e-002	2.82559646e-001	
4.36450967e-002	2.81895658e-001	
4.37224817e-002	2.82058632e-001	
4.37998666e-002	2.84759466e-001	
4.38772515e-002	2.87644601e-001	
4.39546364e-002	2.90708551e-001	
4.40320213e-002	2.93945722e-001	
4.41094063e-002	2.97350459e-001	
4.41867912e-002	3.00917072e-001	
4.42641761e-002	3.04519595e-001	
4.43415610e-002	3.08249121e-001	
4.44189460e-002	3.12137458e-001	
4.44963309e-002	3.16100603e-001	
4.45737158e-002	3.20181224e-001	
4.46511007e-002	3.24420818e-001	
4.47284857e-002	3.28581836e-001	
4.48058706e-002	3.29744011e-001	
4.48832555e-002	3.31006854e-001	
4.49606404e-002	3.32369220e-001	
4.50380254e-002	3.33829889e-001	
4.51154103e-002	3.35387577e-001	
4.51927952e-002	3.37073201e-001	
4.52701801e-002	3.42942096e-001	
4.53475650e-002	3.49023342e-001	
4.54249500e-002	3.55306034e-001	
4.55023349e-002	3.61214135e-001	
4.55797198e-002	3.65722528e-001	
4.56571047e-002	3.70387829e-001	
4.57344897e-002	3.75204185e-001	
4.58118746e-002	3.80165855e-001	
4.58892595e-002	3.86080162e-001	
4.59666444e-002	3.92556100e-001	
4.60440294e-002	3.99278718e-001	
4.61214143e-002	4.06235771e-001	
4.61987992e-002	4.13415423e-001	
4.62761841e-002	4.20806280e-001	
4.63535690e-002	4.28548606e-001	
4.64309540e-002	4.35196795e-001	
4.65083389e-002	4.44708814e-001	
4.65857238e-002	4.54443674e-001	
4.66631087e-002	4.64387361e-001	
4.67404937e-002	4.74526749e-001	
4.68178786e-002	4.84849559e-001	
4.68952635e-002	4.95444521e-001	
4.69726484e-002	5.06789281e-001	
4.70500334e-002	5.18784775e-001	
4.71274183e-002	5.27099921e-001	
4.72048032e-002	5.30976823e-001	
4.72821881e-002	5.35187344e-001	
4.73595730e-002	5.39723676e-001	
4.74369580e-002	5.47937151e-001	
4.75143429e-002	5.61907575e-001	
4.75917278e-002	5.76728307e-001	
4.76691127e-002	5.85729577e-001	
4.77464977e-002	5.85480410e-001	
4.78238826e-002	5.86756091e-001	
4.79012675e-002	5.88188813e-001	
4.79786524e-002	5.88208030e-001	
4.80560374e-002	5.88637538e-001	
4.81334223e-002	5.89476441e-001	
4.82108072e-002	5.87128237e-001	
4.82881921e-002	5.86133978e-001	
4.83655771e-002	5.84882216e-001	
4.84429620e-002	5.72794173e-001	
4.85203469e-002	5.61143692e-001	
4.85977318e-002	5.49958581e-001	
4.86751167e-002	5.39267799e-001	
4.87525017e-002	5.29101310e-001	
4.88298866e-002	5.19489898e-001	
4.89072715e-002	5.16769992e-001	
4.89846564e-002	5.10925128e-001	
4.90620414e-002	4.99847042e-001	
4.91394263e-002	4.86866514e-001	
4.92168112e-002	4.74383649e-001	
4.92941961e-002	4.62438750e-001	
4.93715811e-002	4.51074555e-001	
4.94489660e-002	4.40336027e-001	
4.95263509e-002	4.33798716e-001	
4.96037358e-002	4.27600071e-001	
4.96811207e-002	4.21566290e-001	
4.97585057e-002	4.15704555e-001	
4.98358906e-002	4.10022242e-001	
4.99132755e-002	4.02490944e-001	
4.99906604e-002	3.94495548e-001	
5.00680454e-002	3.90242429e-001	
5.01454303e-002	3.86099631e-001	
5.02228152e-002	3.82070745e-001	
5.03002001e-002	3.78159410e-001	
5.03775851e-002	3.74369311e-001	
5.04549700e-002	3.67487120e-001	
5.05323549e-002	3.60665603e-001	
5.06097398e-002	3.54000949e-001	
5.06871247e-002	3.47502184e-001	
5.07645097e-002	3.41178787e-001	
5.08418946e-002	3.35040688e-001	
5.09192795e-002	3.30948839e-001	
5.09966644e-002	3.27345935e-001	
5.10740494e-002	3.24147934e-001	
5.11514343e-002	3.21063604e-001	
5.12288192e-002	3.17730440e-001	
5.13062041e-002	3.14511667e-001	
5.13835891e-002	3.11470761e-001	
5.14609740e-002	3.08612980e-001	
5.15383589e-002	3.05740767e-001	
5.16157438e-002	3.02820921e-001	
5.16931288e-002	3.00010999e-001	
5.17705137e-002	2.97314120e-001	
5.18478986e-002	2.94635954e-001	
5.19252835e-002	2.91559321e-001	
5.20026684e-002	2.89010769e-001	
5.20800534e-002	2.87245281e-001	
5.21574383e-002	2.85591033e-001	
5.22348232e-002	2.84049971e-001	
5.23122081e-002	2.82623944e-001	
5.23895931e-002	2.81314702e-001	
5.24669780e-002	2.80185583e-001	
5.25443629e-002	2.79332127e-001	
5.26217478e-002	2.78934204e-001	
5.26991328e-002	2.78704414e-001	
5.27765177e-002	2.78635402e-001	
5.28539026e-002	2.78727285e-001	
5.29312875e-002	2.78979907e-001	
5.30086724e-002	2.79392830e-001	
5.30860574e-002	2.79931266e-001	
5.31634423e-002	2.78930238e-001	
5.32408272e-002	2.78024879e-001	
5.33182121e-002	2.77216127e-001	
5.33955971e-002	2.76504829e-001	
5.34729820e-002	2.75891741e-001	
5.35503669e-002	2.75377516e-001	
5.36277518e-002	2.74962711e-001	
5.37051368e-002	2.74872969e-001	
5.37825217e-002	2.77576783e-001	
5.38599066e-002	2.80655467e-001	
5.39372915e-002	2.83907300e-001	
5.40146765e-002	2.87326404e-001	
5.40920614e-002	2.90906881e-001	
5.41694463e-002	2.94642848e-001	
5.42468312e-002	2.98444530e-001	
5.43242161e-002	3.02323015e-001	
5.44016011e-002	3.06343557e-001	
5.44789860e-002	3.10556498e-001	
5.45563709e-002	3.15001997e-001	
5.46337558e-002	3.19603537e-001	
5.47111408e-002	3.24354478e-001	
5.47885257e-002	3.26243731e-001	
5.48659106e-002	3.27682342e-001	
5.49432955e-002	3.29217518e-001	
5.50206805e-002	3.30847914e-001	
5.50980654e-002	3.32572130e-001	
5.51754503e-002	3.34388713e-001	
5.52528352e-002	3.39556348e-001	
5.53302201e-002	3.45818558e-001	
5.54076051e-002	3.52278557e-001	
5.54849900e-002	3.58837168e-001	
5.55623749e-002	3.63478249e-001	
5.56397598e-002	3.68271426e-001	
5.57171448e-002	3.73210840e-001	
5.57945297e-002	3.78290762e-001	
5.58719146e-002	3.84072136e-001	
5.59492995e-002	3.90657906e-001	
5.60266845e-002	3.97485471e-001	
5.61040694e-002	4.04542589e-001	
5.61814543e-002	4.11817460e-001	
5.62588392e-002	4.19298749e-001	
5.63362241e-002	4.27105175e-001	
5.64136091e-002	4.33522474e-001	
5.64909940e-002	4.43116434e-001	
5.65683789e-002	4.52928202e-001	
5.66457638e-002	4.62943928e-001	
5.67231488e-002	4.73150662e-001	
5.68005337e-002	4.83536308e-001	
5.68779186e-002	4.94113010e-001	
5.69553035e-002	5.05479008e-001	
5.70326885e-002	5.17491609e-001	
5.71100734e-002	5.27864351e-001	
5.71874583e-002	5.31768596e-001	
5.72648432e-002	5.36002387e-001	
5.73422282e-002	5.40557981e-001	
5.74196131e-002	5.46906492e-001	
5.74969980e-002	5.60821803e-001	
5.75743829e-002	5.75586354e-001	
5.76517678e-002	5.88368148e-001	
5.77291528e-002	5.87934756e-001	
5.78065377e-002	5.89014363e-001	
5.78839226e-002	5.91037198e-001	
5.79613075e-002	5.91014352e-001	
5.80386925e-002	5.91397230e-001	
5.81160774e-002	5.92185043e-001	
5.81934623e-002	5.90552785e-001	
5.82708472e-002	5.89323233e-001	
5.83482322e-002	5.89487755e-001	
5.84256171e-002	5.78645949e-001	
5.85030020e-002	5.66911833e-001	
5.85803869e-002	5.55633934e-001	
5.86577718e-002	5.44840584e-001	
5.87351568e-002	5.34561133e-001	
5.88125417e-002	5.24825778e-001	
5.88899266e-002	5.20449687e-001	
5.89673115e-002	5.15986327e-001	
5.90446965e-002	5.06013402e-001	
5.91220814e-002	4.92907768e-001	
5.91994663e-002	4.80286868e-001	
5.92768512e-002	4.68189905e-001	
5.93542362e-002	4.56658518e-001	
5.94316211e-002	4.45736605e-001	
5.95090060e-002	4.38221202e-001	
5.95863909e-002	4.31947223e-001	
5.96637759e-002	4.25834620e-001	
5.97411608e-002	4.19890442e-001	
5.98185457e-002	4.14121939e-001	
5.98959306e-002	4.07275687e-001	
5.99733155e-002	3.98393853e-001	
6.00507005e-002	3.93874155e-001	
6.01280854e-002	3.89657007e-001	
6.02054703e-002	3.85551463e-001	
6.02828552e-002	3.81561123e-001	
6.03602402e-002	3.77689641e-001	
6.04376251e-002	3.71463286e-001	
6.05150100e-002	3.64550793e-001	
6.05923949e-002	3.57790840e-001	
6.06697799e-002	3.51192235e-001	
6.07471648e-002	3.44764241e-001	
6.08245497e-002	3.38516580e-001	
6.09019346e-002	3.33832801e-001	
6.09793195e-002	3.30090822e-001	
6.10567045e-002	3.26767973e-001	
6.11340894e-002	3.23594405e-001	
6.12114743e-002	3.20252984e-001	
6.12888592e-002	3.16916862e-001	
6.13662442e-002	3.13755499e-001	
6.14436291e-002	3.10774227e-001	
6.15210140e-002	3.07870839e-001	
6.15983989e-002	3.04866160e-001	
6.16757839e-002	3.01969274e-001	
6.17531688e-002	2.99183314e-001	
6.18305537e-002	2.96511406e-001	
6.19079386e-002	2.93377639e-001	
6.19853235e-002	2.90489687e-001	
6.20627085e-002	2.88627217e-001	
6.21400934e-002	2.86874452e-001	
6.22174783e-002	2.85233415e-001	
6.22948632e-002	2.83706043e-001	
6.23722482e-002	2.82294183e-001	
6.24496331e-002	2.81035930e-001	
6.25270180e-002	2.80161812e-001	
6.26044029e-002	2.79458361e-001	
6.26817879e-002	2.79100677e-001	
6.27591728e-002	2.78903563e-001	
6.28365577e-002	2.78867358e-001	
6.29139426e-002	2.78992124e-001	
6.29913276e-002	2.79277647e-001	
6.30687125e-002	2.79723434e-001	
6.31460974e-002	2.78969740e-001	
6.32234823e-002	2.77969176e-001	
6.33008672e-002	2.77064635e-001	
6.33782522e-002	2.76257062e-001	
6.34556371e-002	2.75547308e-001	
6.35330220e-002	2.74936132e-001	
6.36104069e-002	2.74424191e-001	
6.36877919e-002	2.74121837e-001	
6.37651768e-002	2.76126956e-001	
6.38425617e-002	2.79079039e-001	
6.39199466e-002	2.82207600e-001	
6.39973316e-002	2.85506839e-001	
6.40747165e-002	2.88970909e-001	
6.41521014e-002	2.92593957e-001	
6.42294863e-002	2.96320559e-001	
6.43068712e-002	3.00092088e-001	
6.43842562e-002	3.04009002e-001	
6.44616411e-002	3.08089102e-001	
6.45390260e-002	3.12422371e-001	
6.46164109e-002	3.16915276e-001	
6.46937959e-002	3.21561126e-001	
6.47711808e-002	3.24154006e-001	
6.48485657e-002	3.25510438e-001	
6.49259506e-002	3.26964795e-001	
6.50033356e-002	3.28515777e-001	
6.50807205e-002	3.30162022e-001	
6.51581054e-002	3.31902113e-001	
6.52354903e-002	3.36044060e-001	
6.53128753e-002	3.42189102e-001	
6.53902602e-002	3.48537275e-001	
6.54676451e-002	3.55077686e-001	
6.55450300e-002	3.60023462e-001	
6.56224149e-002	3.64727369e-001	
6.56997999e-002	3.69580795e-001	
6.57771848e-002	3.74577929e-001	
6.58545697e-002	3.80015966e-001	
6.59319546e-002	3.86490060e-001	
6.60093396e-002	3.93211761e-001	
6.60867245e-002	4.00168591e-001	
6.61641094e-002	4.07348504e-001	
6.62414943e-002	4.14739914e-001	
6.63188793e-002	4.22365034e-001	
6.63962642e-002	4.28685171e-001	
6.64736491e-002	4.37948475e-001	
6.65510340e-002	4.47669765e-001	
6.66284189e-002	4.57600652e-001	
6.67058039e-002	4.67727786e-001	
6.67831888e-002	4.78038694e-001	
6.68605737e-002	4.88521739e-001	
6.69379586e-002	4.99661881e-001	
6.70153436e-002	5.11517051e-001	
6.70927285e-002	5.23795707e-001	
6.71701134e-002	5.27615762e-001	
6.72474983e-002	5.31770369e-001	
6.73248833e-002	5.36251754e-001	
6.74022682e-002	5.41051795e-001	
6.74796531e-002	5.54397981e-001	
6.75570380e-002	5.69012698e-001	
6.76344229e-002	5.84431250e-001	
6.77118079e-002	5.84816634e-001	
6.77891928e-002	5.85643322e-001	
6.78665777e-002	5.87990043e-001	
6.79439626e-002	5.88129152e-001	
6.80213476e-002	5.88466077e-001	
6.80987325e-002	5.89212814e-001	
6.81761174e-002	5.88353599e-001	
6.82535023e-002	5.86953827e-001	
6.83308873e-002	5.86959637e-001	
6.84082722e-002	5.79073201e-001	
6.84856571e-002	5.67329824e-001	
6.85630420e-002	5.56046413e-001	
6.86404270e-002	5.45251524e-001	
6.87178119e-002	5.34974730e-001	
6.87951968e-002	5.25246444e-001	
6.88725817e-002	5.19350904e-001	
6.89499666e-002	5.16394668e-001	
6.90273516e-002	5.07645237e-001	
6.91047365e-002	4.94570293e-001	
6.91821214e-002	4.81986043e-001	
6.92595063e-002	4.69931909e-001	
6.93368913e-002	4.58449710e-001	
6.94142762e-002	4.47583463e-001	
6.94916611e-002	4.39258398e-001	
6.95690460e-002	4.33057174e-001	
6.96464310e-002	4.27022288e-001	
6.97238159e-002	4.21160890e-001	
6.98012008e-002	4.15480324e-001	
6.98785857e-002	4.09505213e-001	
6.99559706e-002	4.00735634e-001	
7.00333556e-002	3.95324778e-001	
7.01107405e-002	3.91201647e-001	
7.01881254e-002	3.87193971e-001	
7.02655103e-002	3.83305372e-001	
7.03428953e-002	3.79539509e-001	
7.04202802e-002	3.74167796e-001	
7.04976651e-002	3.67376879e-001	
7.05750500e-002	3.60745168e-001	
7.06524350e-002	3.54281603e-001	
7.07298199e-002	3.47995554e-001	
7.08072048e-002	3.41896811e-001	
7.08845897e-002	3.36877321e-001	
7.09619746e-002	3.33280678e-001	
7.10393596e-002	3.30034987e-001	
7.11167445e-002	3.27011501e-001	
7.11941294e-002	3.23941939e-001	
7.12715143e-002	3.20805101e-001	
7.13488993e-002	3.17848394e-001	
7.14262842e-002	3.15076890e-001	
7.15036691e-002	3.12457755e-001	
7.15810540e-002	3.09602565e-001	
7.16584390e-002	3.06859737e-001	
7.17358239e-002	3.04232310e-001	
7.18132088e-002	3.01723298e-001	
7.18905937e-002	2.98903138e-001	
7.19679787e-002	2.96036818e-001	
7.20453636e-002	2.94291445e-001	
7.21227485e-002	2.92739327e-001	
7.22001334e-002	2.91302126e-001	
7.22775183e-002	2.89981548e-001	
7.23549033e-002	2.88779194e-001	
7.24322882e-002	2.87710876e-001	
7.25096731e-002	2.86898632e-001	
7.25870580e-002	2.86507767e-001	
7.26644430e-002	2.86426637e-001	
7.27418279e-002	2.86507031e-001	
7.28192128e-002	2.86748813e-001	
7.28965977e-002	2.87151575e-001	
7.29739827e-002	2.87714642e-001	
7.30513676e-002	2.88437074e-001	
7.31287525e-002	2.88306234e-001	
7.32061374e-002	2.87527899e-001	
7.32835223e-002	2.86847319e-001	
7.33609073e-002	2.86265189e-001	
7.34382922e-002	2.85782111e-001	
7.35156771e-002	2.85398589e-001	
7.35930620e-002	2.85115024e-001	
7.36704470e-002	2.84931714e-001	
7.37478319e-002	2.86641796e-001	
7.38252168e-002	2.89912928e-001	
7.39026017e-002	2.93356065e-001	
7.39799867e-002	2.96965225e-001	
7.40573716e-002	3.00734429e-001	
7.41347565e-002	3.04657738e-001	
7.42121414e-002	3.08713221e-001	
7.42895264e-002	3.12763379e-001	
7.43669113e-002	3.16953642e-001	
7.44442962e-002	3.21278528e-001	
7.45216811e-002	3.25910243e-001	
7.45990660e-002	3.30702209e-001	
7.46764510e-002	3.35641961e-001	
7.47538359e-002	3.39298734e-001	
7.48312208e-002	3.40897109e-001	
7.49086057e-002	3.42590569e-001	
7.49859907e-002	3.44377710e-001	
7.50633756e-002	3.46257083e-001	
7.51407605e-002	3.48227193e-001	
7.52181454e-002	3.51701249e-001	
7.52955304e-002	3.58142572e-001	
7.53729153e-002	3.64779558e-001	
7.54503002e-002	3.71601725e-001	
7.55276851e-002	3.77308737e-001	
7.56050700e-002	3.82281757e-001	
7.56824550e-002	3.87399141e-001	
7.57598399e-002	3.92655245e-001	
7.58372248e-002	3.98095335e-001	
7.59146097e-002	4.04809889e-001	
7.59919947e-002	4.11762542e-001	
7.60693796e-002	4.18941439e-001	
7.61467645e-002	4.26335153e-001	
7.62241494e-002	4.33932703e-001	
7.63015344e-002	4.41723570e-001	
7.63789193e-002	4.48938896e-001	
7.64563042e-002	4.57430357e-001	
7.65336891e-002	4.67338692e-001	
7.66110740e-002	4.77447077e-001	
7.66884590e-002	4.87743074e-001	
7.67658439e-002	4.98215052e-001	
7.68432288e-002	5.08852146e-001	
7.69206137e-002	5.19856520e-001	
7.69979987e-002	5.31544881e-001	
7.70753836e-002	5.43842862e-001	
7.71527685e-002	5.49568543e-001	
7.72301534e-002	5.53819356e-001	
7.73075384e-002	5.58382113e-001	
7.73849233e-002	5.63249235e-001	
7.74623082e-002	5.74506536e-001	
7.75396931e-002	5.88816091e-001	
7.76170781e-002	6.03921836e-001	
7.76944630e-002	6.07542534e-001	
7.77718479e-002	6.07542915e-001	
7.78492328e-002	6.08943252e-001	
7.79266177e-002	6.09075724e-001	
7.80040027e-002	6.08651710e-001	
7.80813876e-002	6.08592885e-001	
7.81587725e-002	6.07337476e-001	
7.82361574e-002	6.03687422e-001	
7.83135424e-002	6.01350038e-001	
7.83909273e-002	5.94822181e-001	
7.84683122e-002	5.82286623e-001	
7.85456971e-002	5.70203241e-001	
7.86230821e-002	5.58601379e-001	
7.87004670e-002	5.47511649e-001	
7.87778519e-002	5.36965782e-001	
7.88552368e-002	5.28920427e-001	
7.89326217e-002	5.27010414e-001	
7.90100067e-002	5.19132491e-001	
7.90873916e-002	5.08102852e-001	
7.91647765e-002	4.97282363e-001	
7.92421614e-002	4.86684976e-001	
7.93195464e-002	4.76099589e-001	
7.93969313e-002	4.65452047e-001	
7.94743162e-002	4.55141255e-001	
7.95517011e-002	4.45190614e-001	
7.96290861e-002	4.35624803e-001	
7.97064710e-002	4.26209008e-001	
7.97838559e-002	4.18968649e-001	
7.98612408e-002	4.13974522e-001	
7.99386258e-002	4.09112359e-001	
8.00160107e-002	4.04386919e-001	
8.00933956e-002	3.99803050e-001	
8.01707805e-002	3.95365677e-001	
8.02481654e-002	3.91079786e-001	
8.03255504e-002	3.86950410e-001	
8.04029353e-002	3.81017532e-001	
8.04803202e-002	3.73346558e-001	
8.05577051e-002	3.65753863e-001	
8.06350901e-002	3.58244423e-001	
8.07124750e-002	3.50823586e-001	
8.07898599e-002	3.43497094e-001	
8.08672448e-002	3.36271113e-001	
8.09446298e-002	3.29152264e-001	
8.10220147e-002	3.25209188e-001	
8.10993996e-002	3.21324471e-001	
8.11767845e-002	3.17489067e-001	
8.12541694e-002	3.13704784e-001	
8.13315544e-002	3.09973496e-001	
8.14089393e-002	3.06297138e-001	
8.14863242e-002	3.02530851e-001	
8.15637091e-002	2.98435055e-001	
8.16410941e-002	2.94402565e-001	
8.17184790e-002	2.90436018e-001	
8.17958639e-002	2.86587221e-001	
8.18732488e-002	2.83193188e-001	
8.19506338e-002	2.79896191e-001	
8.20280187e-002	2.76699699e-001	
8.21054036e-002	2.73607235e-001	
8.21827885e-002	2.70622364e-001	
8.22601734e-002	2.67748685e-001	
8.23375584e-002	2.64789998e-001	
8.24149433e-002	2.61841853e-001	
8.24923282e-002	2.59406498e-001	
8.25697131e-002	2.57780794e-001	
8.26470981e-002	2.56217114e-001	
8.27244830e-002	2.54716599e-001	
8.28018679e-002	2.53280372e-001	
8.28792528e-002	2.51909532e-001	
8.29566378e-002	2.50605153e-001	
8.30340227e-002	2.49420620e-001	
8.31114076e-002	2.48493433e-001	
8.31887925e-002	2.47635040e-001	
8.32661775e-002	2.46846158e-001	
8.33435624e-002	2.45754011e-001	
8.34209473e-002	2.44275668e-001	
8.34983322e-002	2.42517068e-001	
8.35757171e-002	2.40860859e-001	
8.36531021e-002	2.39309165e-001	
8.37304870e-002	2.37864032e-001	
8.38078719e-002	2.36527414e-001	
8.38852568e-002	2.35301160e-001	
8.39626418e-002	2.34187003e-001	
8.40400267e-002	2.33840856e-001	
8.41174116e-002	2.33893245e-001	
8.41947965e-002	2.34057905e-001	
8.42721815e-002	2.34334599e-001	
8.43495664e-002	2.34722932e-001	
8.44269513e-002	2.35222350e-001	
8.45043362e-002	2.35832148e-001	
8.45817211e-002	2.36551471e-001	
8.46591061e-002	2.37379325e-001	
8.47364910e-002	2.37872922e-001	
8.48138759e-002	2.37588467e-001	
8.48912608e-002	2.37230440e-001	
8.49686458e-002	2.36862871e-001	
8.50460307e-002	2.36607282e-001	
8.51234156e-002	2.36464037e-001	
8.52008005e-002	2.36863756e-001	
8.52781855e-002	2.37853579e-001	
8.53555704e-002	2.38958410e-001	
8.54329553e-002	2.40176660e-001	
8.55103402e-002	2.41506614e-001	
8.55877252e-002	2.42946437e-001	
8.56651101e-002	2.44494188e-001	
8.57424950e-002	2.46147832e-001	
8.58198799e-002	2.47868757e-001	
8.58972648e-002	2.49556187e-001	
8.59746498e-002	2.51410912e-001	
8.60520347e-002	2.53429260e-001	
8.61294196e-002	2.55607353e-001	
8.62068045e-002	2.57941145e-001	
8.62841895e-002	2.60106668e-001	
8.63615744e-002	2.62192766e-001	
8.64389593e-002	2.64377057e-001	
8.65163442e-002	2.66657128e-001	
8.65937292e-002	2.68538593e-001	
8.66711141e-002	2.70519476e-001	
8.67484990e-002	2.72625014e-001	
8.68258839e-002	2.77133511e-001	
8.69032688e-002	2.82193280e-001	
8.69806538e-002	2.87529415e-001	
8.70580387e-002	2.91384123e-001	
8.71354236e-002	2.93513664e-001	
8.72128085e-002	2.95892224e-001	
8.72901935e-002	2.97763110e-001	
8.73675784e-002	2.98704565e-001	
8.74449633e-002	3.00262096e-001	
8.75223482e-002	3.02426186e-001	
8.75997332e-002	3.05183932e-001	
8.76771181e-002	3.08519413e-001	
8.77545030e-002	3.09348696e-001	
8.78318879e-002	3.05911874e-001	
8.79092728e-002	3.02644218e-001	
8.79866578e-002	2.99551266e-001	
8.80640427e-002	2.96638481e-001	
8.81414276e-002	2.91928537e-001	
8.82188125e-002	2.87490000e-001	
8.82961975e-002	2.84527483e-001	
8.83735824e-002	2.81847980e-001	
8.84509673e-002	2.77233353e-001	
8.85283522e-002	2.72497611e-001	
8.86057372e-002	2.67932203e-001	
8.86831221e-002	2.64788020e-001	
8.87605070e-002	2.63185333e-001	
8.88378919e-002	2.54928379e-001	
8.89152769e-002	2.46844266e-001	
8.89926618e-002	2.38950537e-001	
8.90700467e-002	2.31266688e-001	
8.91474316e-002	2.26226799e-001	
8.92248165e-002	2.21900262e-001	
8.93022015e-002	2.17605264e-001	
8.93795864e-002	2.13343710e-001	
8.94569713e-002	2.09117644e-001	
8.95343562e-002	2.04929261e-001	
8.96117412e-002	2.00780920e-001	
8.96891261e-002	1.96675156e-001	
8.97665110e-002	1.92208003e-001	
8.98438959e-002	1.87237484e-001	
8.99212809e-002	1.82370672e-001	
8.99986658e-002	1.76962793e-001	
9.00760507e-002	1.71213206e-001	
9.01534356e-002	1.67700848e-001	
9.02308205e-002	1.64763578e-001	
9.03082055e-002	1.61843755e-001	
9.03855904e-002	1.58942339e-001	
9.04629753e-002	1.56060357e-001	
9.05403602e-002	1.53198907e-001	
9.06177452e-002	1.50359160e-001	
9.06951301e-002	1.47542370e-001	
9.07725150e-002	1.44749876e-001	
9.08498999e-002	1.41983113e-001	
9.09272849e-002	1.39243614e-001	
9.10046698e-002	1.36533020e-001	
9.10820547e-002	1.32823284e-001	
9.11594396e-002	1.29113531e-001	
9.12368245e-002	1.25406240e-001	
9.13142095e-002	1.22320472e-001	
9.13915944e-002	1.20232440e-001	
9.14689793e-002	1.18145466e-001	
9.15463642e-002	1.16059608e-001	
9.16237492e-002	1.13974926e-001	
9.17011341e-002	1.11891487e-001	
9.17785190e-002	1.09809361e-001	
9.18559039e-002	1.07728624e-001	
9.19332889e-002	1.05996787e-001	
9.20106738e-002	1.04568968e-001	
9.20880587e-002	1.03145119e-001	
9.21654436e-002	1.01725408e-001	
9.22428286e-002	1.00310011e-001	
9.23202135e-002	9.88991111e-002	
9.23975984e-002	9.74929053e-002	
9.24749833e-002	9.60915991e-002	
9.25523682e-002	9.46954102e-002	
9.26297532e-002	9.33045681e-002	
9.27071381e-002	9.19193158e-002	
9.27845230e-002	9.05399096e-002	
9.28619079e-002	8.91666210e-002	
9.29392929e-002	8.74361125e-002	
9.30166778e-002	8.51621536e-002	
9.30940627e-002	8.28885921e-002	
9.31714476e-002	8.06154619e-002	
9.32488326e-002	7.83428003e-002	
9.33262175e-002	7.60706495e-002	
9.34036024e-002	7.37990566e-002	
9.34809873e-002	7.15280747e-002	
9.35583722e-002	6.97707481e-002	
9.36357572e-002	6.85186277e-002	
9.37131421e-002	6.72673679e-002	
9.37905270e-002	6.60170175e-002	
9.38679119e-002	6.47676292e-002	
9.39452969e-002	6.35192597e-002	
9.40226818e-002	6.22719704e-002	
9.41000667e-002	6.10258275e-002	
9.41774516e-002	5.97809026e-002	
9.42548366e-002	5.85372735e-002	
9.43322215e-002	5.72950246e-002	
9.44096064e-002	5.60542476e-002	
9.44869913e-002	5.48150425e-002	
9.45643763e-002	5.35775183e-002	
9.46417612e-002	5.21519219e-002	
9.47191461e-002	5.07180187e-002	
9.47965310e-002	4.92841720e-002	
9.48739159e-002	4.78503869e-002	
9.49513009e-002	4.67308032e-002	
9.50286858e-002	4.60316457e-002	
9.51060707e-002	4.53327736e-002	
9.51834556e-002	4.46342004e-002	
9.52608406e-002	4.39359403e-002	
9.53382255e-002	4.32380085e-002	
9.54156104e-002	4.25404212e-002	
9.54929953e-002	4.18431955e-002	
9.55703803e-002	4.11463498e-002	
9.56477652e-002	4.04499039e-002	
9.57251501e-002	3.97538787e-002	
9.58025350e-002	3.90582967e-002	
9.58799199e-002	3.83737645e-002	
9.59573049e-002	3.77240394e-002	
9.60346898e-002	3.70743196e-002	
9.61120747e-002	3.64246054e-002	
9.61894596e-002	3.57748970e-002	
9.62668446e-002	3.51971308e-002	
9.63442295e-002	3.46695603e-002	
9.64216144e-002	3.41255753e-002	
9.64989993e-002	3.35748352e-002	
9.65763843e-002	3.30244314e-002	
9.66537692e-002	3.24743810e-002	
9.67311541e-002	3.19247022e-002	
9.68085390e-002	3.13754146e-002	
9.68859239e-002	3.08265391e-002	
9.69633089e-002	3.02780981e-002	
9.70406938e-002	2.97301156e-002	
9.71180787e-002	2.91826175e-002	
9.71954636e-002	2.86356315e-002	
9.72728486e-002	2.80891876e-002	
9.73502335e-002	2.75433181e-002	
9.74276184e-002	2.69980577e-002	
9.75050033e-002	2.64878411e-002	
9.75823883e-002	2.61643021e-002	
9.76597732e-002	2.58415538e-002	
9.77371581e-002	2.55196260e-002	
9.78145430e-002	2.51985502e-002	
9.78919280e-002	2.48783595e-002	
9.79693129e-002	2.45590884e-002	
9.80466978e-002	2.42407732e-002	
9.81240827e-002	2.39234522e-002	
9.82014676e-002	2.36071654e-002	
9.82788526e-002	2.32919550e-002	
9.83562375e-002	2.29778652e-002	
9.84336224e-002	2.26519864e-002	
9.85110073e-002	2.23058476e-002	
9.85883923e-002	2.19617266e-002	
9.86657772e-002	2.16197197e-002	
9.87431621e-002	2.12799289e-002	
9.88205470e-002	2.09424621e-002	
9.88979320e-002	2.06074335e-002	
9.89753169e-002	2.02749638e-002	
9.90527018e-002	1.99451811e-002	
9.91300867e-002	1.96182208e-002	
9.92074716e-002	1.93147480e-002	
9.92848566e-002	1.91043200e-002	
9.93622415e-002	1.88957460e-002	
9.94396264e-002	1.86890880e-002	
9.95170113e-002	1.84844105e-002	
9.95943963e-002	1.82817797e-002	
9.96717812e-002	1.80812647e-002	
9.97491661e-002	1.78829365e-002	
9.98265510e-002	1.76868688e-002	
9.99039360e-002	1.74931375e-002	
9.99813209e-002	1.73018210e-002	
1.00058706e-001	1.71539629e-002	
1.00136091e-001	1.70523228e-002	
1.00213476e-001	1.69577304e-002	
1.00290861e-001	1.68703041e-002	
1.00368245e-001	1.67901559e-002	
1.00445630e-001	1.67173904e-002	
1.00523015e-001	1.66521045e-002	
1.00600400e-001	1.65943864e-002	
1.00677785e-001	1.65443153e-002	
1.00755170e-001	1.65019608e-002	
1.00832555e-001	1.64673825e-002	
1.00909940e-001	1.64406295e-002	
1.00987325e-001	1.64217399e-002	
1.01064710e-001	1.64107410e-002	
1.01142095e-001	1.64076486e-002	
1.01219480e-001	1.63738178e-002	
1.01296865e-001	1.63506736e-002	
1.01374249e-001	1.64697626e-002	
1.01451634e-001	1.65934692e-002	
1.01529019e-001	1.67216909e-002	
1.01606404e-001	1.68543248e-002	
1.01683789e-001	1.69912675e-002	
1.01761174e-001	1.71324157e-002	
1.01838559e-001	1.72776662e-002	
1.01915944e-001	1.74269166e-002	
1.01993329e-001	1.75800649e-002	
1.02070714e-001	1.77370102e-002	
1.02148099e-001	1.78976526e-002	
1.02225484e-001	1.80618935e-002	
1.02302869e-001	1.82296356e-002	
1.02380254e-001	1.84007830e-002	
1.02457638e-001	1.85752418e-002	
1.02535023e-001	1.87529195e-002	
1.02612408e-001	1.89104613e-002	
1.02689793e-001	1.91152639e-002	
1.02767178e-001	1.93885920e-002	
1.02844563e-001	1.96510621e-002	
1.02921948e-001	1.99180458e-002	
1.02999333e-001	2.01898757e-002	
1.03076718e-001	2.04663587e-002	
1.03154103e-001	2.07473088e-002	
1.03231488e-001	2.10325470e-002	
1.03308873e-001	2.13219013e-002	
1.03386258e-001	2.16152062e-002	
1.03463642e-001	2.19123032e-002	
1.03541027e-001	2.22130401e-002	
1.03618412e-001	2.25172711e-002	
1.03695797e-001	2.28248564e-002	
1.03773182e-001	2.31356623e-002	
1.03850567e-001	2.34561215e-002	
1.03927952e-001	2.38989347e-002	
1.04005337e-001	2.43423954e-002	
1.04082722e-001	2.47864686e-002	
1.04160107e-001	2.52311222e-002	
1.04237492e-001	2.56763259e-002	
1.04314877e-001	2.61220516e-002	
1.04392262e-001	2.65682731e-002	
1.04469646e-001	2.70149657e-002	
1.04547031e-001	2.74621065e-002	
1.04624416e-001	2.79096740e-002	
1.04701801e-001	2.84340594e-002	
1.04779186e-001	2.89896328e-002	
1.04856571e-001	2.96439037e-002	
1.04933956e-001	3.02991549e-002	
1.05011341e-001	3.09549513e-002	
1.05088726e-001	3.15156518e-002	
1.05166111e-001	3.20766587e-002	
1.05243496e-001	3.26379564e-002	
1.05320881e-001	3.31995300e-002	
1.05398266e-001	3.37613658e-002	
1.05475650e-001	3.43234509e-002	
1.05553035e-001	3.48857733e-002	
1.05630420e-001	3.54483217e-002	
1.05707805e-001	3.60110854e-002	
1.05785190e-001	3.65740545e-002	
1.05862575e-001	3.71372198e-002	
1.05939960e-001	3.77005724e-002	
1.06017345e-001	3.82641040e-002	
1.06094730e-001	3.88278068e-002	
1.06172115e-001	3.93916735e-002	
1.06249500e-001	4.01390044e-002	
1.06326885e-001	4.09541184e-002	
1.06404270e-001	4.17695248e-002	
1.06481654e-001	4.25852068e-002	
1.06559039e-001	4.34011488e-002	
1.06636424e-001	4.42173365e-002	
1.06713809e-001	4.50337564e-002	
1.06791194e-001	4.58503963e-002	
1.06868579e-001	4.66672444e-002	
1.06945964e-001	4.74842902e-002	
1.07023349e-001	4.83015235e-002	
1.07100734e-001	4.91189350e-002	
1.07178119e-001	4.99365160e-002	
1.07255504e-001	5.07542582e-002	
1.07332889e-001	5.16052481e-002	
1.07410274e-001	5.24662882e-002	
1.07487658e-001	5.33274214e-002	
1.07565043e-001	5.41886432e-002	
1.07642428e-001	5.50499495e-002	
1.07719813e-001	5.59113365e-002	
1.07797198e-001	5.67728004e-002	
1.07874583e-001	5.80003920e-002	
1.07951968e-001	5.96730828e-002	
1.08029353e-001	6.13514256e-002	
1.08106738e-001	6.30368816e-002	
1.08184123e-001	6.50320220e-002	
1.08261508e-001	6.70312464e-002	
1.08338893e-001	6.90341999e-002	
1.08416278e-001	7.10405671e-002	
1.08493662e-001	7.30500668e-002	
1.08571047e-001	7.50624473e-002	
1.08648432e-001	7.70774830e-002	
1.08725817e-001	7.90949710e-002	
1.08803202e-001	8.11147283e-002	
1.08880587e-001	8.31365895e-002	
1.08957972e-001	8.51604048e-002	
1.09035357e-001	8.71860380e-002	
1.09112742e-001	8.92133654e-002	
1.09190127e-001	9.12422740e-002	
1.09267512e-001	9.32726607e-002	
1.09344897e-001	9.53044309e-002	
1.09422282e-001	9.73374980e-002	
1.09499666e-001	9.92294604e-002	
1.09577051e-001	1.01032395e-001	
1.09654436e-001	1.02835868e-001	
1.09731821e-001	1.04639852e-001	
1.09809206e-001	1.06444321e-001	
1.09886591e-001	1.08249250e-001	
1.09963976e-001	1.10229138e-001	
1.10041361e-001	1.12700540e-001	
1.10118746e-001	1.15534704e-001	
1.10196131e-001	1.19671456e-001	
1.10273516e-001	1.23808574e-001	
1.10350901e-001	1.27946021e-001	
1.10428286e-001	1.32083767e-001	
1.10505670e-001	1.36221785e-001	
1.10583055e-001	1.40360050e-001	
1.10660440e-001	1.44498541e-001	
1.10737825e-001	1.48637239e-001	
1.10815210e-001	1.52776128e-001	
1.10892595e-001	1.56915192e-001	
1.10969980e-001	1.61054418e-001	
1.11047365e-001	1.65193794e-001	
1.11124750e-001	1.69916153e-001	
1.11202135e-001	1.75713904e-001	
1.11279520e-001	1.81576852e-001	
1.11356905e-001	1.87498881e-001	
1.11434290e-001	1.93474567e-001	
1.11511674e-001	1.99499087e-001	
1.11589059e-001	2.05575387e-001	
1.11666444e-001	2.15814576e-001	
1.11743829e-001	2.26058264e-001	
1.11821214e-001	2.36305865e-001	
1.11898599e-001	2.46556892e-001	
1.11975984e-001	2.56810934e-001	
1.12053369e-001	2.67288612e-001	
1.12130754e-001	2.80452171e-001	
1.12208139e-001	2.93750055e-001	
1.12285524e-001	3.10877372e-001	
1.12362909e-001	3.32584082e-001	
1.12440294e-001	3.53656420e-001	
1.12517678e-001	3.73586727e-001	
1.12595063e-001	4.06504431e-001	
1.12672448e-001	4.39564035e-001	
1.12749833e-001	4.88147995e-001	
1.12827218e-001	5.44159007e-001	
1.12904603e-001	6.66088476e-001	
1.12981988e-001	9.91619865e-001	
1.13059373e-001	1.01916912e+000	
1.13136758e-001	9.20210984e-001	
1.13214143e-001	8.56529162e-001	
1.13291528e-001	8.24179386e-001	
1.13368913e-001	7.95086543e-001	
1.13446298e-001	7.78317273e-001	
1.13523682e-001	7.66517933e-001	
1.13601067e-001	7.56979217e-001	
1.13678452e-001	7.50001580e-001	
1.13755837e-001	7.44039047e-001	
1.13833222e-001	7.39934513e-001	
1.13910607e-001	7.36478793e-001	
1.13987992e-001	7.33699139e-001	
1.14065377e-001	7.31603258e-001	
1.14142762e-001	7.29747004e-001	
1.14220147e-001	7.26128705e-001	
1.14297532e-001	7.23050318e-001	
1.14374917e-001	7.20518763e-001	
1.14452302e-001	7.18539819e-001	
1.14529686e-001	7.16676167e-001	
1.14607071e-001	7.14796758e-001	
1.14684456e-001	7.13589295e-001	
1.14761841e-001	7.13057190e-001	
1.14839226e-001	7.13201955e-001	
1.14916611e-001	7.14023179e-001	
1.14993996e-001	7.15518532e-001	
1.15071381e-001	7.17683801e-001	
1.15148766e-001	7.20512946e-001	
1.15226151e-001	7.23998184e-001	
1.15303536e-001	7.34045057e-001	
1.15380921e-001	7.46734871e-001	
1.15458306e-001	7.60779445e-001	
1.15535690e-001	7.76105234e-001	
1.15613075e-001	7.93010295e-001	
1.15690460e-001	8.23857199e-001	
1.15767845e-001	8.57932235e-001	
1.15845230e-001	9.12149385e-001	
1.15922615e-001	9.95154128e-001	
1.16000000e-001	1.21002684e+000	
